  3.63000000e+03  0.00000000e+00
  3.63100000e+03  1.20000000e-05
  3.63200000e+03  2.40000000e-05
  3.63300000e+03  3.60000000e-05
  3.63400000e+03  4.80000000e-05
  3.63500000e+03  6.00000000e-05
  3.63600000e+03  7.20000000e-05
  3.63700000e+03  8.40000000e-05
  3.63800000e+03  9.60000000e-05
  3.63900000e+03  1.08000000e-04
  3.64000000e+03  1.20000000e-04
  3.64100000e+03  1.32000000e-04
  3.64200000e+03  1.44000000e-04
  3.64300000e+03  1.56000000e-04
  3.64400000e+03  1.68000000e-04
  3.64500000e+03  1.80000000e-04
  3.64600000e+03  1.92000000e-04
  3.64700000e+03  2.04000000e-04
  3.64800000e+03  2.16000000e-04
  3.64900000e+03  2.28000000e-04
  3.65000000e+03  2.40000000e-04
  3.65100000e+03  2.52000000e-04
  3.65200000e+03  2.64000000e-04
  3.65300000e+03  2.76000000e-04
  3.65400000e+03  2.88000000e-04
  3.65500000e+03  3.00000000e-04
  3.65600000e+03  3.20000000e-04
  3.65700000e+03  3.40000000e-04
  3.65800000e+03  3.60000000e-04
  3.65900000e+03  3.80000000e-04
  3.66000000e+03  4.00000000e-04
  3.66100000e+03  4.20000000e-04
  3.66200000e+03  4.40000000e-04
  3.66300000e+03  4.60000000e-04
  3.66400000e+03  4.80000000e-04
  3.66500000e+03  5.00000000e-04
  3.66600000e+03  5.20000000e-04
  3.66700000e+03  5.40000000e-04
  3.66800000e+03  5.60000000e-04
  3.66900000e+03  5.80000000e-04
  3.67000000e+03  6.00000000e-04
  3.67100000e+03  6.20000000e-04
  3.67200000e+03  6.40000000e-04
  3.67300000e+03  6.60000000e-04
  3.67400000e+03  6.80000000e-04
  3.67500000e+03  7.00000000e-04
  3.67600000e+03  7.20000000e-04
  3.67700000e+03  7.40000000e-04
  3.67800000e+03  7.60000000e-04
  3.67900000e+03  7.80000000e-04
  3.68000000e+03  8.00000000e-04
  3.68100000e+03  8.20000000e-04
  3.68200000e+03  8.40000000e-04
  3.68300000e+03  8.60000000e-04
  3.68400000e+03  8.80000000e-04
  3.68500000e+03  9.00000000e-04
  3.68600000e+03  9.20000000e-04
  3.68700000e+03  9.40000000e-04
  3.68800000e+03  9.60000000e-04
  3.68900000e+03  9.80000000e-04
  3.69000000e+03  1.00000000e-03
  3.69100000e+03  1.02000000e-03
  3.69200000e+03  1.04000000e-03
  3.69300000e+03  1.06000000e-03
  3.69400000e+03  1.08000000e-03
  3.69500000e+03  1.10000000e-03
  3.69600000e+03  1.12000000e-03
  3.69700000e+03  1.14000000e-03
  3.69800000e+03  1.16000000e-03
  3.69900000e+03  1.18000000e-03
  3.70000000e+03  1.20000000e-03
  3.70100000e+03  1.22000000e-03
  3.70200000e+03  1.24000000e-03
  3.70300000e+03  1.26000000e-03
  3.70400000e+03  1.28000000e-03
  3.70500000e+03  1.30000000e-03
  3.70600000e+03  1.32400000e-03
  3.70700000e+03  1.34800000e-03
  3.70800000e+03  1.37200000e-03
  3.70900000e+03  1.39600000e-03
  3.71000000e+03  1.42000000e-03
  3.71100000e+03  1.44400000e-03
  3.71200000e+03  1.46800000e-03
  3.71300000e+03  1.49200000e-03
  3.71400000e+03  1.51600000e-03
  3.71500000e+03  1.54000000e-03
  3.71600000e+03  1.56400000e-03
  3.71700000e+03  1.58800000e-03
  3.71800000e+03  1.61200000e-03
  3.71900000e+03  1.63600000e-03
  3.72000000e+03  1.66000000e-03
  3.72100000e+03  1.68400000e-03
  3.72200000e+03  1.70800000e-03
  3.72300000e+03  1.73200000e-03
  3.72400000e+03  1.75600000e-03
  3.72500000e+03  1.78000000e-03
  3.72600000e+03  1.80400000e-03
  3.72700000e+03  1.82800000e-03
  3.72800000e+03  1.85200000e-03
  3.72900000e+03  1.87600000e-03
  3.73000000e+03  1.90000000e-03
  3.73100000e+03  1.92000000e-03
  3.73200000e+03  1.94000000e-03
  3.73300000e+03  1.96000000e-03
  3.73400000e+03  1.98000000e-03
  3.73500000e+03  2.00000000e-03
  3.73600000e+03  2.02000000e-03
  3.73700000e+03  2.04000000e-03
  3.73800000e+03  2.06000000e-03
  3.73900000e+03  2.08000000e-03
  3.74000000e+03  2.10000000e-03
  3.74100000e+03  2.12000000e-03
  3.74200000e+03  2.14000000e-03
  3.74300000e+03  2.16000000e-03
  3.74400000e+03  2.18000000e-03
  3.74500000e+03  2.20000000e-03
  3.74600000e+03  2.22000000e-03
  3.74700000e+03  2.24000000e-03
  3.74800000e+03  2.26000000e-03
  3.74900000e+03  2.28000000e-03
  3.75000000e+03  2.30000000e-03
  3.75100000e+03  2.32000000e-03
  3.75200000e+03  2.34000000e-03
  3.75300000e+03  2.36000000e-03
  3.75400000e+03  2.38000000e-03
  3.75500000e+03  2.40000000e-03
  3.75600000e+03  2.44000000e-03
  3.75700000e+03  2.48000000e-03
  3.75800000e+03  2.52000000e-03
  3.75900000e+03  2.56000000e-03
  3.76000000e+03  2.60000000e-03
  3.76100000e+03  2.64000000e-03
  3.76200000e+03  2.68000000e-03
  3.76300000e+03  2.72000000e-03
  3.76400000e+03  2.76000000e-03
  3.76500000e+03  2.80000000e-03
  3.76600000e+03  2.84000000e-03
  3.76700000e+03  2.88000000e-03
  3.76800000e+03  2.92000000e-03
  3.76900000e+03  2.96000000e-03
  3.77000000e+03  3.00000000e-03
  3.77100000e+03  3.04000000e-03
  3.77200000e+03  3.08000000e-03
  3.77300000e+03  3.12000000e-03
  3.77400000e+03  3.16000000e-03
  3.77500000e+03  3.20000000e-03
  3.77600000e+03  3.24000000e-03
  3.77700000e+03  3.28000000e-03
  3.77800000e+03  3.32000000e-03
  3.77900000e+03  3.36000000e-03
  3.78000000e+03  3.40000000e-03
  3.78100000e+03  3.48400000e-03
  3.78200000e+03  3.56800000e-03
  3.78300000e+03  3.65200000e-03
  3.78400000e+03  3.73600000e-03
  3.78500000e+03  3.82000000e-03
  3.78600000e+03  3.90400000e-03
  3.78700000e+03  3.98800000e-03
  3.78800000e+03  4.07200000e-03
  3.78900000e+03  4.15600000e-03
  3.79000000e+03  4.24000000e-03
  3.79100000e+03  4.32400000e-03
  3.79200000e+03  4.40800000e-03
  3.79300000e+03  4.49200000e-03
  3.79400000e+03  4.57600000e-03
  3.79500000e+03  4.66000000e-03
  3.79600000e+03  4.74400000e-03
  3.79700000e+03  4.82800000e-03
  3.79800000e+03  4.91200000e-03
  3.79900000e+03  4.99600000e-03
  3.80000000e+03  5.08000000e-03
  3.80100000e+03  5.16400000e-03
  3.80200000e+03  5.24800000e-03
  3.80300000e+03  5.33200000e-03
  3.80400000e+03  5.41600000e-03
  3.80500000e+03  5.50000000e-03
  3.80600000e+03  5.69200000e-03
  3.80700000e+03  5.88400000e-03
  3.80800000e+03  6.07600000e-03
  3.80900000e+03  6.26800000e-03
  3.81000000e+03  6.46000000e-03
  3.81100000e+03  6.65200000e-03
  3.81200000e+03  6.84400000e-03
  3.81300000e+03  7.03600000e-03
  3.81400000e+03  7.22800000e-03
  3.81500000e+03  7.42000000e-03
  3.81600000e+03  7.61200000e-03
  3.81700000e+03  7.80400000e-03
  3.81800000e+03  7.99600000e-03
  3.81900000e+03  8.18800000e-03
  3.82000000e+03  8.38000000e-03
  3.82100000e+03  8.57200000e-03
  3.82200000e+03  8.76400000e-03
  3.82300000e+03  8.95600000e-03
  3.82400000e+03  9.14800000e-03
  3.82500000e+03  9.34000000e-03
  3.82600000e+03  9.53200000e-03
  3.82700000e+03  9.72400000e-03
  3.82800000e+03  9.91600000e-03
  3.82900000e+03  1.01080000e-02
  3.83000000e+03  1.03000000e-02
  3.83100000e+03  1.06640000e-02
  3.83200000e+03  1.10280000e-02
  3.83300000e+03  1.13920000e-02
  3.83400000e+03  1.17560000e-02
  3.83500000e+03  1.21200000e-02
  3.83600000e+03  1.24840000e-02
  3.83700000e+03  1.28480000e-02
  3.83800000e+03  1.32120000e-02
  3.83900000e+03  1.35760000e-02
  3.84000000e+03  1.39400000e-02
  3.84100000e+03  1.43040000e-02
  3.84200000e+03  1.46680000e-02
  3.84300000e+03  1.50320000e-02
  3.84400000e+03  1.53960000e-02
  3.84500000e+03  1.57600000e-02
  3.84600000e+03  1.61240000e-02
  3.84700000e+03  1.64880000e-02
  3.84800000e+03  1.68520000e-02
  3.84900000e+03  1.72160000e-02
  3.85000000e+03  1.75800000e-02
  3.85100000e+03  1.79440000e-02
  3.85200000e+03  1.83080000e-02
  3.85300000e+03  1.86720000e-02
  3.85400000e+03  1.90360000e-02
  3.85500000e+03  1.94000000e-02
  3.85600000e+03  1.99280000e-02
  3.85700000e+03  2.04560000e-02
  3.85800000e+03  2.09840000e-02
  3.85900000e+03  2.15120000e-02
  3.86000000e+03  2.20400000e-02
  3.86100000e+03  2.25680000e-02
  3.86200000e+03  2.30960000e-02
  3.86300000e+03  2.36240000e-02
  3.86400000e+03  2.41520000e-02
  3.86500000e+03  2.46800000e-02
  3.86600000e+03  2.52080000e-02
  3.86700000e+03  2.57360000e-02
  3.86800000e+03  2.62640000e-02
  3.86900000e+03  2.67920000e-02
  3.87000000e+03  2.73200000e-02
  3.87100000e+03  2.78480000e-02
  3.87200000e+03  2.83760000e-02
  3.87300000e+03  2.89040000e-02
  3.87400000e+03  2.94320000e-02
  3.87500000e+03  2.99600000e-02
  3.87600000e+03  3.04880000e-02
  3.87700000e+03  3.10160000e-02
  3.87800000e+03  3.15440000e-02
  3.87900000e+03  3.20720000e-02
  3.88000000e+03  3.26000000e-02
  3.88100000e+03  3.32640000e-02
  3.88200000e+03  3.39280000e-02
  3.88300000e+03  3.45920000e-02
  3.88400000e+03  3.52560000e-02
  3.88500000e+03  3.59200000e-02
  3.88600000e+03  3.65840000e-02
  3.88700000e+03  3.72480000e-02
  3.88800000e+03  3.79120000e-02
  3.88900000e+03  3.85760000e-02
  3.89000000e+03  3.92400000e-02
  3.89100000e+03  3.99040000e-02
  3.89200000e+03  4.05680000e-02
  3.89300000e+03  4.12320000e-02
  3.89400000e+03  4.18960000e-02
  3.89500000e+03  4.25600000e-02
  3.89600000e+03  4.32240000e-02
  3.89700000e+03  4.38880000e-02
  3.89800000e+03  4.45520000e-02
  3.89900000e+03  4.52160000e-02
  3.90000000e+03  4.58800000e-02
  3.90100000e+03  4.65440000e-02
  3.90200000e+03  4.72080000e-02
  3.90300000e+03  4.78720000e-02
  3.90400000e+03  4.85360000e-02
  3.90500000e+03  4.92000000e-02
  3.90600000e+03  4.99760000e-02
  3.90700000e+03  5.07520000e-02
  3.90800000e+03  5.15280000e-02
  3.90900000e+03  5.23040000e-02
  3.91000000e+03  5.30800000e-02
  3.91100000e+03  5.38560000e-02
  3.91200000e+03  5.46320000e-02
  3.91300000e+03  5.54080000e-02
  3.91400000e+03  5.61840000e-02
  3.91500000e+03  5.69600000e-02
  3.91600000e+03  5.77360000e-02
  3.91700000e+03  5.85120000e-02
  3.91800000e+03  5.92880000e-02
  3.91900000e+03  6.00640000e-02
  3.92000000e+03  6.08400000e-02
  3.92100000e+03  6.16160000e-02
  3.92200000e+03  6.23920000e-02
  3.92300000e+03  6.31680000e-02
  3.92400000e+03  6.39440000e-02
  3.92500000e+03  6.47200000e-02
  3.92600000e+03  6.54960000e-02
  3.92700000e+03  6.62720000e-02
  3.92800000e+03  6.70480000e-02
  3.92900000e+03  6.78240000e-02
  3.93000000e+03  6.86000000e-02
  3.93100000e+03  6.94560000e-02
  3.93200000e+03  7.03120000e-02
  3.93300000e+03  7.11680000e-02
  3.93400000e+03  7.20240000e-02
  3.93500000e+03  7.28800000e-02
  3.93600000e+03  7.37360000e-02
  3.93700000e+03  7.45920000e-02
  3.93800000e+03  7.54480000e-02
  3.93900000e+03  7.63040000e-02
  3.94000000e+03  7.71600000e-02
  3.94100000e+03  7.80160000e-02
  3.94200000e+03  7.88720000e-02
  3.94300000e+03  7.97280000e-02
  3.94400000e+03  8.05840000e-02
  3.94500000e+03  8.14400000e-02
  3.94600000e+03  8.22960000e-02
  3.94700000e+03  8.31520000e-02
  3.94800000e+03  8.40080000e-02
  3.94900000e+03  8.48640000e-02
  3.95000000e+03  8.57200000e-02
  3.95100000e+03  8.65760000e-02
  3.95200000e+03  8.74320000e-02
  3.95300000e+03  8.82880000e-02
  3.95400000e+03  8.91440000e-02
  3.95500000e+03  9.00000000e-02
  3.95600000e+03  9.08920000e-02
  3.95700000e+03  9.17840000e-02
  3.95800000e+03  9.26760000e-02
  3.95900000e+03  9.35680000e-02
  3.96000000e+03  9.44600000e-02
  3.96100000e+03  9.53520000e-02
  3.96200000e+03  9.62440000e-02
  3.96300000e+03  9.71360000e-02
  3.96400000e+03  9.80280000e-02
  3.96500000e+03  9.89200000e-02
  3.96600000e+03  9.98120000e-02
  3.96700000e+03  1.00704000e-01
  3.96800000e+03  1.01596000e-01
  3.96900000e+03  1.02488000e-01
  3.97000000e+03  1.03380000e-01
  3.97100000e+03  1.04272000e-01
  3.97200000e+03  1.05164000e-01
  3.97300000e+03  1.06056000e-01
  3.97400000e+03  1.06948000e-01
  3.97500000e+03  1.07840000e-01
  3.97600000e+03  1.08732000e-01
  3.97700000e+03  1.09624000e-01
  3.97800000e+03  1.10516000e-01
  3.97900000e+03  1.11408000e-01
  3.98000000e+03  1.12300000e-01
  3.98100000e+03  1.13176000e-01
  3.98200000e+03  1.14052000e-01
  3.98300000e+03  1.14928000e-01
  3.98400000e+03  1.15804000e-01
  3.98500000e+03  1.16680000e-01
  3.98600000e+03  1.17556000e-01
  3.98700000e+03  1.18432000e-01
  3.98800000e+03  1.19308000e-01
  3.98900000e+03  1.20184000e-01
  3.99000000e+03  1.21060000e-01
  3.99100000e+03  1.21936000e-01
  3.99200000e+03  1.22812000e-01
  3.99300000e+03  1.23688000e-01
  3.99400000e+03  1.24564000e-01
  3.99500000e+03  1.25440000e-01
  3.99600000e+03  1.26316000e-01
  3.99700000e+03  1.27192000e-01
  3.99800000e+03  1.28068000e-01
  3.99900000e+03  1.28944000e-01
  4.00000000e+03  1.29820000e-01
  4.00100000e+03  1.30696000e-01
  4.00200000e+03  1.31572000e-01
  4.00300000e+03  1.32448000e-01
  4.00400000e+03  1.33324000e-01
  4.00500000e+03  1.34200000e-01
  4.00600000e+03  1.35012000e-01
  4.00700000e+03  1.35824000e-01
  4.00800000e+03  1.36636000e-01
  4.00900000e+03  1.37448000e-01
  4.01000000e+03  1.38260000e-01
  4.01100000e+03  1.39072000e-01
  4.01200000e+03  1.39884000e-01
  4.01300000e+03  1.40696000e-01
  4.01400000e+03  1.41508000e-01
  4.01500000e+03  1.42320000e-01
  4.01600000e+03  1.43132000e-01
  4.01700000e+03  1.43944000e-01
  4.01800000e+03  1.44756000e-01
  4.01900000e+03  1.45568000e-01
  4.02000000e+03  1.46380000e-01
  4.02100000e+03  1.47192000e-01
  4.02200000e+03  1.48004000e-01
  4.02300000e+03  1.48816000e-01
  4.02400000e+03  1.49628000e-01
  4.02500000e+03  1.50440000e-01
  4.02600000e+03  1.51252000e-01
  4.02700000e+03  1.52064000e-01
  4.02800000e+03  1.52876000e-01
  4.02900000e+03  1.53688000e-01
  4.03000000e+03  1.54500000e-01
  4.03100000e+03  1.55208000e-01
  4.03200000e+03  1.55916000e-01
  4.03300000e+03  1.56624000e-01
  4.03400000e+03  1.57332000e-01
  4.03500000e+03  1.58040000e-01
  4.03600000e+03  1.58748000e-01
  4.03700000e+03  1.59456000e-01
  4.03800000e+03  1.60164000e-01
  4.03900000e+03  1.60872000e-01
  4.04000000e+03  1.61580000e-01
  4.04100000e+03  1.62288000e-01
  4.04200000e+03  1.62996000e-01
  4.04300000e+03  1.63704000e-01
  4.04400000e+03  1.64412000e-01
  4.04500000e+03  1.65120000e-01
  4.04600000e+03  1.65828000e-01
  4.04700000e+03  1.66536000e-01
  4.04800000e+03  1.67244000e-01
  4.04900000e+03  1.67952000e-01
  4.05000000e+03  1.68660000e-01
  4.05100000e+03  1.69368000e-01
  4.05200000e+03  1.70076000e-01
  4.05300000e+03  1.70784000e-01
  4.05400000e+03  1.71492000e-01
  4.05500000e+03  1.72200000e-01
  4.05600000e+03  1.72804000e-01
  4.05700000e+03  1.73408000e-01
  4.05800000e+03  1.74012000e-01
  4.05900000e+03  1.74616000e-01
  4.06000000e+03  1.75220000e-01
  4.06100000e+03  1.75824000e-01
  4.06200000e+03  1.76428000e-01
  4.06300000e+03  1.77032000e-01
  4.06400000e+03  1.77636000e-01
  4.06500000e+03  1.78240000e-01
  4.06600000e+03  1.78844000e-01
  4.06700000e+03  1.79448000e-01
  4.06800000e+03  1.80052000e-01
  4.06900000e+03  1.80656000e-01
  4.07000000e+03  1.81260000e-01
  4.07100000e+03  1.81864000e-01
  4.07200000e+03  1.82468000e-01
  4.07300000e+03  1.83072000e-01
  4.07400000e+03  1.83676000e-01
  4.07500000e+03  1.84280000e-01
  4.07600000e+03  1.84884000e-01
  4.07700000e+03  1.85488000e-01
  4.07800000e+03  1.86092000e-01
  4.07900000e+03  1.86696000e-01
  4.08000000e+03  1.87300000e-01
  4.08100000e+03  1.87820000e-01
  4.08200000e+03  1.88340000e-01
  4.08300000e+03  1.88860000e-01
  4.08400000e+03  1.89380000e-01
  4.08500000e+03  1.89900000e-01
  4.08600000e+03  1.90420000e-01
  4.08700000e+03  1.90940000e-01
  4.08800000e+03  1.91460000e-01
  4.08900000e+03  1.91980000e-01
  4.09000000e+03  1.92500000e-01
  4.09100000e+03  1.93020000e-01
  4.09200000e+03  1.93540000e-01
  4.09300000e+03  1.94060000e-01
  4.09400000e+03  1.94580000e-01
  4.09500000e+03  1.95100000e-01
  4.09600000e+03  1.95620000e-01
  4.09700000e+03  1.96140000e-01
  4.09800000e+03  1.96660000e-01
  4.09900000e+03  1.97180000e-01
  4.10000000e+03  1.97700000e-01
  4.10100000e+03  1.98220000e-01
  4.10200000e+03  1.98740000e-01
  4.10300000e+03  1.99260000e-01
  4.10400000e+03  1.99780000e-01
  4.10500000e+03  2.00300000e-01
  4.10600000e+03  2.00752000e-01
  4.10700000e+03  2.01204000e-01
  4.10800000e+03  2.01656000e-01
  4.10900000e+03  2.02108000e-01
  4.11000000e+03  2.02560000e-01
  4.11100000e+03  2.03012000e-01
  4.11200000e+03  2.03464000e-01
  4.11300000e+03  2.03916000e-01
  4.11400000e+03  2.04368000e-01
  4.11500000e+03  2.04820000e-01
  4.11600000e+03  2.05272000e-01
  4.11700000e+03  2.05724000e-01
  4.11800000e+03  2.06176000e-01
  4.11900000e+03  2.06628000e-01
  4.12000000e+03  2.07080000e-01
  4.12100000e+03  2.07532000e-01
  4.12200000e+03  2.07984000e-01
  4.12300000e+03  2.08436000e-01
  4.12400000e+03  2.08888000e-01
  4.12500000e+03  2.09340000e-01
  4.12600000e+03  2.09792000e-01
  4.12700000e+03  2.10244000e-01
  4.12800000e+03  2.10696000e-01
  4.12900000e+03  2.11148000e-01
  4.13000000e+03  2.11600000e-01
  4.13100000e+03  2.11992000e-01
  4.13200000e+03  2.12384000e-01
  4.13300000e+03  2.12776000e-01
  4.13400000e+03  2.13168000e-01
  4.13500000e+03  2.13560000e-01
  4.13600000e+03  2.13952000e-01
  4.13700000e+03  2.14344000e-01
  4.13800000e+03  2.14736000e-01
  4.13900000e+03  2.15128000e-01
  4.14000000e+03  2.15520000e-01
  4.14100000e+03  2.15912000e-01
  4.14200000e+03  2.16304000e-01
  4.14300000e+03  2.16696000e-01
  4.14400000e+03  2.17088000e-01
  4.14500000e+03  2.17480000e-01
  4.14600000e+03  2.17872000e-01
  4.14700000e+03  2.18264000e-01
  4.14800000e+03  2.18656000e-01
  4.14900000e+03  2.19048000e-01
  4.15000000e+03  2.19440000e-01
  4.15100000e+03  2.19832000e-01
  4.15200000e+03  2.20224000e-01
  4.15300000e+03  2.20616000e-01
  4.15400000e+03  2.21008000e-01
  4.15500000e+03  2.21400000e-01
  4.15600000e+03  2.21748000e-01
  4.15700000e+03  2.22096000e-01
  4.15800000e+03  2.22444000e-01
  4.15900000e+03  2.22792000e-01
  4.16000000e+03  2.23140000e-01
  4.16100000e+03  2.23488000e-01
  4.16200000e+03  2.23836000e-01
  4.16300000e+03  2.24184000e-01
  4.16400000e+03  2.24532000e-01
  4.16500000e+03  2.24880000e-01
  4.16600000e+03  2.25228000e-01
  4.16700000e+03  2.25576000e-01
  4.16800000e+03  2.25924000e-01
  4.16900000e+03  2.26272000e-01
  4.17000000e+03  2.26620000e-01
  4.17100000e+03  2.26968000e-01
  4.17200000e+03  2.27316000e-01
  4.17300000e+03  2.27664000e-01
  4.17400000e+03  2.28012000e-01
  4.17500000e+03  2.28360000e-01
  4.17600000e+03  2.28708000e-01
  4.17700000e+03  2.29056000e-01
  4.17800000e+03  2.29404000e-01
  4.17900000e+03  2.29752000e-01
  4.18000000e+03  2.30100000e-01
  4.18100000e+03  2.30408000e-01
  4.18200000e+03  2.30716000e-01
  4.18300000e+03  2.31024000e-01
  4.18400000e+03  2.31332000e-01
  4.18500000e+03  2.31640000e-01
  4.18600000e+03  2.31948000e-01
  4.18700000e+03  2.32256000e-01
  4.18800000e+03  2.32564000e-01
  4.18900000e+03  2.32872000e-01
  4.19000000e+03  2.33180000e-01
  4.19100000e+03  2.33488000e-01
  4.19200000e+03  2.33796000e-01
  4.19300000e+03  2.34104000e-01
  4.19400000e+03  2.34412000e-01
  4.19500000e+03  2.34720000e-01
  4.19600000e+03  2.35028000e-01
  4.19700000e+03  2.35336000e-01
  4.19800000e+03  2.35644000e-01
  4.19900000e+03  2.35952000e-01
  4.20000000e+03  2.36260000e-01
  4.20100000e+03  2.36568000e-01
  4.20200000e+03  2.36876000e-01
  4.20300000e+03  2.37184000e-01
  4.20400000e+03  2.37492000e-01
  4.20500000e+03  2.37800000e-01
  4.20600000e+03  2.38080000e-01
  4.20700000e+03  2.38360000e-01
  4.20800000e+03  2.38640000e-01
  4.20900000e+03  2.38920000e-01
  4.21000000e+03  2.39200000e-01
  4.21100000e+03  2.39480000e-01
  4.21200000e+03  2.39760000e-01
  4.21300000e+03  2.40040000e-01
  4.21400000e+03  2.40320000e-01
  4.21500000e+03  2.40600000e-01
  4.21600000e+03  2.40880000e-01
  4.21700000e+03  2.41160000e-01
  4.21800000e+03  2.41440000e-01
  4.21900000e+03  2.41720000e-01
  4.22000000e+03  2.42000000e-01
  4.22100000e+03  2.42280000e-01
  4.22200000e+03  2.42560000e-01
  4.22300000e+03  2.42840000e-01
  4.22400000e+03  2.43120000e-01
  4.22500000e+03  2.43400000e-01
  4.22600000e+03  2.43680000e-01
  4.22700000e+03  2.43960000e-01
  4.22800000e+03  2.44240000e-01
  4.22900000e+03  2.44520000e-01
  4.23000000e+03  2.44800000e-01
  4.23100000e+03  2.45060000e-01
  4.23200000e+03  2.45320000e-01
  4.23300000e+03  2.45580000e-01
  4.23400000e+03  2.45840000e-01
  4.23500000e+03  2.46100000e-01
  4.23600000e+03  2.46360000e-01
  4.23700000e+03  2.46620000e-01
  4.23800000e+03  2.46880000e-01
  4.23900000e+03  2.47140000e-01
  4.24000000e+03  2.47400000e-01
  4.24100000e+03  2.47660000e-01
  4.24200000e+03  2.47920000e-01
  4.24300000e+03  2.48180000e-01
  4.24400000e+03  2.48440000e-01
  4.24500000e+03  2.48700000e-01
  4.24600000e+03  2.48960000e-01
  4.24700000e+03  2.49220000e-01
  4.24800000e+03  2.49480000e-01
  4.24900000e+03  2.49740000e-01
  4.25000000e+03  2.50000000e-01
  4.25100000e+03  2.50260000e-01
  4.25200000e+03  2.50520000e-01
  4.25300000e+03  2.50780000e-01
  4.25400000e+03  2.51040000e-01
  4.25500000e+03  2.51300000e-01
  4.25600000e+03  2.51544000e-01
  4.25700000e+03  2.51788000e-01
  4.25800000e+03  2.52032000e-01
  4.25900000e+03  2.52276000e-01
  4.26000000e+03  2.52520000e-01
  4.26100000e+03  2.52764000e-01
  4.26200000e+03  2.53008000e-01
  4.26300000e+03  2.53252000e-01
  4.26400000e+03  2.53496000e-01
  4.26500000e+03  2.53740000e-01
  4.26600000e+03  2.53984000e-01
  4.26700000e+03  2.54228000e-01
  4.26800000e+03  2.54472000e-01
  4.26900000e+03  2.54716000e-01
  4.27000000e+03  2.54960000e-01
  4.27100000e+03  2.55204000e-01
  4.27200000e+03  2.55448000e-01
  4.27300000e+03  2.55692000e-01
  4.27400000e+03  2.55936000e-01
  4.27500000e+03  2.56180000e-01
  4.27600000e+03  2.56424000e-01
  4.27700000e+03  2.56668000e-01
  4.27800000e+03  2.56912000e-01
  4.27900000e+03  2.57156000e-01
  4.28000000e+03  2.57400000e-01
  4.28100000e+03  2.57636000e-01
  4.28200000e+03  2.57872000e-01
  4.28300000e+03  2.58108000e-01
  4.28400000e+03  2.58344000e-01
  4.28500000e+03  2.58580000e-01
  4.28600000e+03  2.58816000e-01
  4.28700000e+03  2.59052000e-01
  4.28800000e+03  2.59288000e-01
  4.28900000e+03  2.59524000e-01
  4.29000000e+03  2.59760000e-01
  4.29100000e+03  2.59996000e-01
  4.29200000e+03  2.60232000e-01
  4.29300000e+03  2.60468000e-01
  4.29400000e+03  2.60704000e-01
  4.29500000e+03  2.60940000e-01
  4.29600000e+03  2.61176000e-01
  4.29700000e+03  2.61412000e-01
  4.29800000e+03  2.61648000e-01
  4.29900000e+03  2.61884000e-01
  4.30000000e+03  2.62120000e-01
  4.30100000e+03  2.62356000e-01
  4.30200000e+03  2.62592000e-01
  4.30300000e+03  2.62828000e-01
  4.30400000e+03  2.63064000e-01
  4.30500000e+03  2.63300000e-01
  4.30600000e+03  2.63532000e-01
  4.30700000e+03  2.63764000e-01
  4.30800000e+03  2.63996000e-01
  4.30900000e+03  2.64228000e-01
  4.31000000e+03  2.64460000e-01
  4.31100000e+03  2.64692000e-01
  4.31200000e+03  2.64924000e-01
  4.31300000e+03  2.65156000e-01
  4.31400000e+03  2.65388000e-01
  4.31500000e+03  2.65620000e-01
  4.31600000e+03  2.65852000e-01
  4.31700000e+03  2.66084000e-01
  4.31800000e+03  2.66316000e-01
  4.31900000e+03  2.66548000e-01
  4.32000000e+03  2.66780000e-01
  4.32100000e+03  2.67012000e-01
  4.32200000e+03  2.67244000e-01
  4.32300000e+03  2.67476000e-01
  4.32400000e+03  2.67708000e-01
  4.32500000e+03  2.67940000e-01
  4.32600000e+03  2.68172000e-01
  4.32700000e+03  2.68404000e-01
  4.32800000e+03  2.68636000e-01
  4.32900000e+03  2.68868000e-01
  4.33000000e+03  2.69100000e-01
  4.33100000e+03  2.69324000e-01
  4.33200000e+03  2.69548000e-01
  4.33300000e+03  2.69772000e-01
  4.33400000e+03  2.69996000e-01
  4.33500000e+03  2.70220000e-01
  4.33600000e+03  2.70444000e-01
  4.33700000e+03  2.70668000e-01
  4.33800000e+03  2.70892000e-01
  4.33900000e+03  2.71116000e-01
  4.34000000e+03  2.71340000e-01
  4.34100000e+03  2.71564000e-01
  4.34200000e+03  2.71788000e-01
  4.34300000e+03  2.72012000e-01
  4.34400000e+03  2.72236000e-01
  4.34500000e+03  2.72460000e-01
  4.34600000e+03  2.72684000e-01
  4.34700000e+03  2.72908000e-01
  4.34800000e+03  2.73132000e-01
  4.34900000e+03  2.73356000e-01
  4.35000000e+03  2.73580000e-01
  4.35100000e+03  2.73804000e-01
  4.35200000e+03  2.74028000e-01
  4.35300000e+03  2.74252000e-01
  4.35400000e+03  2.74476000e-01
  4.35500000e+03  2.74700000e-01
  4.35600000e+03  2.74916000e-01
  4.35700000e+03  2.75132000e-01
  4.35800000e+03  2.75348000e-01
  4.35900000e+03  2.75564000e-01
  4.36000000e+03  2.75780000e-01
  4.36100000e+03  2.75996000e-01
  4.36200000e+03  2.76212000e-01
  4.36300000e+03  2.76428000e-01
  4.36400000e+03  2.76644000e-01
  4.36500000e+03  2.76860000e-01
  4.36600000e+03  2.77076000e-01
  4.36700000e+03  2.77292000e-01
  4.36800000e+03  2.77508000e-01
  4.36900000e+03  2.77724000e-01
  4.37000000e+03  2.77940000e-01
  4.37100000e+03  2.78156000e-01
  4.37200000e+03  2.78372000e-01
  4.37300000e+03  2.78588000e-01
  4.37400000e+03  2.78804000e-01
  4.37500000e+03  2.79020000e-01
  4.37600000e+03  2.79236000e-01
  4.37700000e+03  2.79452000e-01
  4.37800000e+03  2.79668000e-01
  4.37900000e+03  2.79884000e-01
  4.38000000e+03  2.80100000e-01
  4.38100000e+03  2.80304000e-01
  4.38200000e+03  2.80508000e-01
  4.38300000e+03  2.80712000e-01
  4.38400000e+03  2.80916000e-01
  4.38500000e+03  2.81120000e-01
  4.38600000e+03  2.81324000e-01
  4.38700000e+03  2.81528000e-01
  4.38800000e+03  2.81732000e-01
  4.38900000e+03  2.81936000e-01
  4.39000000e+03  2.82140000e-01
  4.39100000e+03  2.82344000e-01
  4.39200000e+03  2.82548000e-01
  4.39300000e+03  2.82752000e-01
  4.39400000e+03  2.82956000e-01
  4.39500000e+03  2.83160000e-01
  4.39600000e+03  2.83364000e-01
  4.39700000e+03  2.83568000e-01
  4.39800000e+03  2.83772000e-01
  4.39900000e+03  2.83976000e-01
  4.40000000e+03  2.84180000e-01
  4.40100000e+03  2.84384000e-01
  4.40200000e+03  2.84588000e-01
  4.40300000e+03  2.84792000e-01
  4.40400000e+03  2.84996000e-01
  4.40500000e+03  2.85200000e-01
  4.40600000e+03  2.85388000e-01
  4.40700000e+03  2.85576000e-01
  4.40800000e+03  2.85764000e-01
  4.40900000e+03  2.85952000e-01
  4.41000000e+03  2.86140000e-01
  4.41100000e+03  2.86328000e-01
  4.41200000e+03  2.86516000e-01
  4.41300000e+03  2.86704000e-01
  4.41400000e+03  2.86892000e-01
  4.41500000e+03  2.87080000e-01
  4.41600000e+03  2.87268000e-01
  4.41700000e+03  2.87456000e-01
  4.41800000e+03  2.87644000e-01
  4.41900000e+03  2.87832000e-01
  4.42000000e+03  2.88020000e-01
  4.42100000e+03  2.88208000e-01
  4.42200000e+03  2.88396000e-01
  4.42300000e+03  2.88584000e-01
  4.42400000e+03  2.88772000e-01
  4.42500000e+03  2.88960000e-01
  4.42600000e+03  2.89148000e-01
  4.42700000e+03  2.89336000e-01
  4.42800000e+03  2.89524000e-01
  4.42900000e+03  2.89712000e-01
  4.43000000e+03  2.89900000e-01
  4.43100000e+03  2.90064000e-01
  4.43200000e+03  2.90228000e-01
  4.43300000e+03  2.90392000e-01
  4.43400000e+03  2.90556000e-01
  4.43500000e+03  2.90720000e-01
  4.43600000e+03  2.90884000e-01
  4.43700000e+03  2.91048000e-01
  4.43800000e+03  2.91212000e-01
  4.43900000e+03  2.91376000e-01
  4.44000000e+03  2.91540000e-01
  4.44100000e+03  2.91704000e-01
  4.44200000e+03  2.91868000e-01
  4.44300000e+03  2.92032000e-01
  4.44400000e+03  2.92196000e-01
  4.44500000e+03  2.92360000e-01
  4.44600000e+03  2.92524000e-01
  4.44700000e+03  2.92688000e-01
  4.44800000e+03  2.92852000e-01
  4.44900000e+03  2.93016000e-01
  4.45000000e+03  2.93180000e-01
  4.45100000e+03  2.93344000e-01
  4.45200000e+03  2.93508000e-01
  4.45300000e+03  2.93672000e-01
  4.45400000e+03  2.93836000e-01
  4.45500000e+03  2.94000000e-01
  4.45600000e+03  2.94156000e-01
  4.45700000e+03  2.94312000e-01
  4.45800000e+03  2.94468000e-01
  4.45900000e+03  2.94624000e-01
  4.46000000e+03  2.94780000e-01
  4.46100000e+03  2.94936000e-01
  4.46200000e+03  2.95092000e-01
  4.46300000e+03  2.95248000e-01
  4.46400000e+03  2.95404000e-01
  4.46500000e+03  2.95560000e-01
  4.46600000e+03  2.95716000e-01
  4.46700000e+03  2.95872000e-01
  4.46800000e+03  2.96028000e-01
  4.46900000e+03  2.96184000e-01
  4.47000000e+03  2.96340000e-01
  4.47100000e+03  2.96496000e-01
  4.47200000e+03  2.96652000e-01
  4.47300000e+03  2.96808000e-01
  4.47400000e+03  2.96964000e-01
  4.47500000e+03  2.97120000e-01
  4.47600000e+03  2.97276000e-01
  4.47700000e+03  2.97432000e-01
  4.47800000e+03  2.97588000e-01
  4.47900000e+03  2.97744000e-01
  4.48000000e+03  2.97900000e-01
  4.48100000e+03  2.98048000e-01
  4.48200000e+03  2.98196000e-01
  4.48300000e+03  2.98344000e-01
  4.48400000e+03  2.98492000e-01
  4.48500000e+03  2.98640000e-01
  4.48600000e+03  2.98788000e-01
  4.48700000e+03  2.98936000e-01
  4.48800000e+03  2.99084000e-01
  4.48900000e+03  2.99232000e-01
  4.49000000e+03  2.99380000e-01
  4.49100000e+03  2.99528000e-01
  4.49200000e+03  2.99676000e-01
  4.49300000e+03  2.99824000e-01
  4.49400000e+03  2.99972000e-01
  4.49500000e+03  3.00120000e-01
  4.49600000e+03  3.00268000e-01
  4.49700000e+03  3.00416000e-01
  4.49800000e+03  3.00564000e-01
  4.49900000e+03  3.00712000e-01
  4.50000000e+03  3.00860000e-01
  4.50100000e+03  3.01008000e-01
  4.50200000e+03  3.01156000e-01
  4.50300000e+03  3.01304000e-01
  4.50400000e+03  3.01452000e-01
  4.50500000e+03  3.01600000e-01
  4.50600000e+03  3.01756000e-01
  4.50700000e+03  3.01912000e-01
  4.50800000e+03  3.02068000e-01
  4.50900000e+03  3.02224000e-01
  4.51000000e+03  3.02380000e-01
  4.51100000e+03  3.02536000e-01
  4.51200000e+03  3.02692000e-01
  4.51300000e+03  3.02848000e-01
  4.51400000e+03  3.03004000e-01
  4.51500000e+03  3.03160000e-01
  4.51600000e+03  3.03316000e-01
  4.51700000e+03  3.03472000e-01
  4.51800000e+03  3.03628000e-01
  4.51900000e+03  3.03784000e-01
  4.52000000e+03  3.03940000e-01
  4.52100000e+03  3.04096000e-01
  4.52200000e+03  3.04252000e-01
  4.52300000e+03  3.04408000e-01
  4.52400000e+03  3.04564000e-01
  4.52500000e+03  3.04720000e-01
  4.52600000e+03  3.04876000e-01
  4.52700000e+03  3.05032000e-01
  4.52800000e+03  3.05188000e-01
  4.52900000e+03  3.05344000e-01
  4.53000000e+03  3.05500000e-01
  4.53100000e+03  3.05668000e-01
  4.53200000e+03  3.05836000e-01
  4.53300000e+03  3.06004000e-01
  4.53400000e+03  3.06172000e-01
  4.53500000e+03  3.06340000e-01
  4.53600000e+03  3.06508000e-01
  4.53700000e+03  3.06676000e-01
  4.53800000e+03  3.06844000e-01
  4.53900000e+03  3.07012000e-01
  4.54000000e+03  3.07180000e-01
  4.54100000e+03  3.07348000e-01
  4.54200000e+03  3.07516000e-01
  4.54300000e+03  3.07684000e-01
  4.54400000e+03  3.07852000e-01
  4.54500000e+03  3.08020000e-01
  4.54600000e+03  3.08188000e-01
  4.54700000e+03  3.08356000e-01
  4.54800000e+03  3.08524000e-01
  4.54900000e+03  3.08692000e-01
  4.55000000e+03  3.08860000e-01
  4.55100000e+03  3.09028000e-01
  4.55200000e+03  3.09196000e-01
  4.55300000e+03  3.09364000e-01
  4.55400000e+03  3.09532000e-01
  4.55500000e+03  3.09700000e-01
  4.55600000e+03  3.09876000e-01
  4.55700000e+03  3.10052000e-01
  4.55800000e+03  3.10228000e-01
  4.55900000e+03  3.10404000e-01
  4.56000000e+03  3.10580000e-01
  4.56100000e+03  3.10756000e-01
  4.56200000e+03  3.10932000e-01
  4.56300000e+03  3.11108000e-01
  4.56400000e+03  3.11284000e-01
  4.56500000e+03  3.11460000e-01
  4.56600000e+03  3.11636000e-01
  4.56700000e+03  3.11812000e-01
  4.56800000e+03  3.11988000e-01
  4.56900000e+03  3.12164000e-01
  4.57000000e+03  3.12340000e-01
  4.57100000e+03  3.12516000e-01
  4.57200000e+03  3.12692000e-01
  4.57300000e+03  3.12868000e-01
  4.57400000e+03  3.13044000e-01
  4.57500000e+03  3.13220000e-01
  4.57600000e+03  3.13396000e-01
  4.57700000e+03  3.13572000e-01
  4.57800000e+03  3.13748000e-01
  4.57900000e+03  3.13924000e-01
  4.58000000e+03  3.14100000e-01
  4.58100000e+03  3.14272000e-01
  4.58200000e+03  3.14444000e-01
  4.58300000e+03  3.14616000e-01
  4.58400000e+03  3.14788000e-01
  4.58500000e+03  3.14960000e-01
  4.58600000e+03  3.15132000e-01
  4.58700000e+03  3.15304000e-01
  4.58800000e+03  3.15476000e-01
  4.58900000e+03  3.15648000e-01
  4.59000000e+03  3.15820000e-01
  4.59100000e+03  3.15992000e-01
  4.59200000e+03  3.16164000e-01
  4.59300000e+03  3.16336000e-01
  4.59400000e+03  3.16508000e-01
  4.59500000e+03  3.16680000e-01
  4.59600000e+03  3.16852000e-01
  4.59700000e+03  3.17024000e-01
  4.59800000e+03  3.17196000e-01
  4.59900000e+03  3.17368000e-01
  4.60000000e+03  3.17540000e-01
  4.60100000e+03  3.17712000e-01
  4.60200000e+03  3.17884000e-01
  4.60300000e+03  3.18056000e-01
  4.60400000e+03  3.18228000e-01
  4.60500000e+03  3.18400000e-01
  4.60600000e+03  3.18560000e-01
  4.60700000e+03  3.18720000e-01
  4.60800000e+03  3.18880000e-01
  4.60900000e+03  3.19040000e-01
  4.61000000e+03  3.19200000e-01
  4.61100000e+03  3.19360000e-01
  4.61200000e+03  3.19520000e-01
  4.61300000e+03  3.19680000e-01
  4.61400000e+03  3.19840000e-01
  4.61500000e+03  3.20000000e-01
  4.61600000e+03  3.20160000e-01
  4.61700000e+03  3.20320000e-01
  4.61800000e+03  3.20480000e-01
  4.61900000e+03  3.20640000e-01
  4.62000000e+03  3.20800000e-01
  4.62100000e+03  3.20960000e-01
  4.62200000e+03  3.21120000e-01
  4.62300000e+03  3.21280000e-01
  4.62400000e+03  3.21440000e-01
  4.62500000e+03  3.21600000e-01
  4.62600000e+03  3.21760000e-01
  4.62700000e+03  3.21920000e-01
  4.62800000e+03  3.22080000e-01
  4.62900000e+03  3.22240000e-01
  4.63000000e+03  3.22400000e-01
  4.63100000e+03  3.22532000e-01
  4.63200000e+03  3.22664000e-01
  4.63300000e+03  3.22796000e-01
  4.63400000e+03  3.22928000e-01
  4.63500000e+03  3.23060000e-01
  4.63600000e+03  3.23192000e-01
  4.63700000e+03  3.23324000e-01
  4.63800000e+03  3.23456000e-01
  4.63900000e+03  3.23588000e-01
  4.64000000e+03  3.23720000e-01
  4.64100000e+03  3.23852000e-01
  4.64200000e+03  3.23984000e-01
  4.64300000e+03  3.24116000e-01
  4.64400000e+03  3.24248000e-01
  4.64500000e+03  3.24380000e-01
  4.64600000e+03  3.24512000e-01
  4.64700000e+03  3.24644000e-01
  4.64800000e+03  3.24776000e-01
  4.64900000e+03  3.24908000e-01
  4.65000000e+03  3.25040000e-01
  4.65100000e+03  3.25172000e-01
  4.65200000e+03  3.25304000e-01
  4.65300000e+03  3.25436000e-01
  4.65400000e+03  3.25568000e-01
  4.65500000e+03  3.25700000e-01
  4.65600000e+03  3.25808000e-01
  4.65700000e+03  3.25916000e-01
  4.65800000e+03  3.26024000e-01
  4.65900000e+03  3.26132000e-01
  4.66000000e+03  3.26240000e-01
  4.66100000e+03  3.26348000e-01
  4.66200000e+03  3.26456000e-01
  4.66300000e+03  3.26564000e-01
  4.66400000e+03  3.26672000e-01
  4.66500000e+03  3.26780000e-01
  4.66600000e+03  3.26888000e-01
  4.66700000e+03  3.26996000e-01
  4.66800000e+03  3.27104000e-01
  4.66900000e+03  3.27212000e-01
  4.67000000e+03  3.27320000e-01
  4.67100000e+03  3.27428000e-01
  4.67200000e+03  3.27536000e-01
  4.67300000e+03  3.27644000e-01
  4.67400000e+03  3.27752000e-01
  4.67500000e+03  3.27860000e-01
  4.67600000e+03  3.27968000e-01
  4.67700000e+03  3.28076000e-01
  4.67800000e+03  3.28184000e-01
  4.67900000e+03  3.28292000e-01
  4.68000000e+03  3.28400000e-01
  4.68100000e+03  3.28492000e-01
  4.68200000e+03  3.28584000e-01
  4.68300000e+03  3.28676000e-01
  4.68400000e+03  3.28768000e-01
  4.68500000e+03  3.28860000e-01
  4.68600000e+03  3.28952000e-01
  4.68700000e+03  3.29044000e-01
  4.68800000e+03  3.29136000e-01
  4.68900000e+03  3.29228000e-01
  4.69000000e+03  3.29320000e-01
  4.69100000e+03  3.29412000e-01
  4.69200000e+03  3.29504000e-01
  4.69300000e+03  3.29596000e-01
  4.69400000e+03  3.29688000e-01
  4.69500000e+03  3.29780000e-01
  4.69600000e+03  3.29872000e-01
  4.69700000e+03  3.29964000e-01
  4.69800000e+03  3.30056000e-01
  4.69900000e+03  3.30148000e-01
  4.70000000e+03  3.30240000e-01
  4.70100000e+03  3.30332000e-01
  4.70200000e+03  3.30424000e-01
  4.70300000e+03  3.30516000e-01
  4.70400000e+03  3.30608000e-01
  4.70500000e+03  3.30700000e-01
  4.70600000e+03  3.30780000e-01
  4.70700000e+03  3.30860000e-01
  4.70800000e+03  3.30940000e-01
  4.70900000e+03  3.31020000e-01
  4.71000000e+03  3.31100000e-01
  4.71100000e+03  3.31180000e-01
  4.71200000e+03  3.31260000e-01
  4.71300000e+03  3.31340000e-01
  4.71400000e+03  3.31420000e-01
  4.71500000e+03  3.31500000e-01
  4.71600000e+03  3.31580000e-01
  4.71700000e+03  3.31660000e-01
  4.71800000e+03  3.31740000e-01
  4.71900000e+03  3.31820000e-01
  4.72000000e+03  3.31900000e-01
  4.72100000e+03  3.31980000e-01
  4.72200000e+03  3.32060000e-01
  4.72300000e+03  3.32140000e-01
  4.72400000e+03  3.32220000e-01
  4.72500000e+03  3.32300000e-01
  4.72600000e+03  3.32380000e-01
  4.72700000e+03  3.32460000e-01
  4.72800000e+03  3.32540000e-01
  4.72900000e+03  3.32620000e-01
  4.73000000e+03  3.32700000e-01
  4.73100000e+03  3.32776000e-01
  4.73200000e+03  3.32852000e-01
  4.73300000e+03  3.32928000e-01
  4.73400000e+03  3.33004000e-01
  4.73500000e+03  3.33080000e-01
  4.73600000e+03  3.33156000e-01
  4.73700000e+03  3.33232000e-01
  4.73800000e+03  3.33308000e-01
  4.73900000e+03  3.33384000e-01
  4.74000000e+03  3.33460000e-01
  4.74100000e+03  3.33536000e-01
  4.74200000e+03  3.33612000e-01
  4.74300000e+03  3.33688000e-01
  4.74400000e+03  3.33764000e-01
  4.74500000e+03  3.33840000e-01
  4.74600000e+03  3.33916000e-01
  4.74700000e+03  3.33992000e-01
  4.74800000e+03  3.34068000e-01
  4.74900000e+03  3.34144000e-01
  4.75000000e+03  3.34220000e-01
  4.75100000e+03  3.34296000e-01
  4.75200000e+03  3.34372000e-01
  4.75300000e+03  3.34448000e-01
  4.75400000e+03  3.34524000e-01
  4.75500000e+03  3.34600000e-01
  4.75600000e+03  3.34672000e-01
  4.75700000e+03  3.34744000e-01
  4.75800000e+03  3.34816000e-01
  4.75900000e+03  3.34888000e-01
  4.76000000e+03  3.34960000e-01
  4.76100000e+03  3.35032000e-01
  4.76200000e+03  3.35104000e-01
  4.76300000e+03  3.35176000e-01
  4.76400000e+03  3.35248000e-01
  4.76500000e+03  3.35320000e-01
  4.76600000e+03  3.35392000e-01
  4.76700000e+03  3.35464000e-01
  4.76800000e+03  3.35536000e-01
  4.76900000e+03  3.35608000e-01
  4.77000000e+03  3.35680000e-01
  4.77100000e+03  3.35752000e-01
  4.77200000e+03  3.35824000e-01
  4.77300000e+03  3.35896000e-01
  4.77400000e+03  3.35968000e-01
  4.77500000e+03  3.36040000e-01
  4.77600000e+03  3.36112000e-01
  4.77700000e+03  3.36184000e-01
  4.77800000e+03  3.36256000e-01
  4.77900000e+03  3.36328000e-01
  4.78000000e+03  3.36400000e-01
  4.78100000e+03  3.36476000e-01
  4.78200000e+03  3.36552000e-01
  4.78300000e+03  3.36628000e-01
  4.78400000e+03  3.36704000e-01
  4.78500000e+03  3.36780000e-01
  4.78600000e+03  3.36856000e-01
  4.78700000e+03  3.36932000e-01
  4.78800000e+03  3.37008000e-01
  4.78900000e+03  3.37084000e-01
  4.79000000e+03  3.37160000e-01
  4.79100000e+03  3.37236000e-01
  4.79200000e+03  3.37312000e-01
  4.79300000e+03  3.37388000e-01
  4.79400000e+03  3.37464000e-01
  4.79500000e+03  3.37540000e-01
  4.79600000e+03  3.37616000e-01
  4.79700000e+03  3.37692000e-01
  4.79800000e+03  3.37768000e-01
  4.79900000e+03  3.37844000e-01
  4.80000000e+03  3.37920000e-01
  4.80100000e+03  3.37996000e-01
  4.80200000e+03  3.38072000e-01
  4.80300000e+03  3.38148000e-01
  4.80400000e+03  3.38224000e-01
  4.80500000e+03  3.38300000e-01
  4.80600000e+03  3.38380000e-01
  4.80700000e+03  3.38460000e-01
  4.80800000e+03  3.38540000e-01
  4.80900000e+03  3.38620000e-01
  4.81000000e+03  3.38700000e-01
  4.81100000e+03  3.38780000e-01
  4.81200000e+03  3.38860000e-01
  4.81300000e+03  3.38940000e-01
  4.81400000e+03  3.39020000e-01
  4.81500000e+03  3.39100000e-01
  4.81600000e+03  3.39180000e-01
  4.81700000e+03  3.39260000e-01
  4.81800000e+03  3.39340000e-01
  4.81900000e+03  3.39420000e-01
  4.82000000e+03  3.39500000e-01
  4.82100000e+03  3.39580000e-01
  4.82200000e+03  3.39660000e-01
  4.82300000e+03  3.39740000e-01
  4.82400000e+03  3.39820000e-01
  4.82500000e+03  3.39900000e-01
  4.82600000e+03  3.39980000e-01
  4.82700000e+03  3.40060000e-01
  4.82800000e+03  3.40140000e-01
  4.82900000e+03  3.40220000e-01
  4.83000000e+03  3.40300000e-01
  4.83100000e+03  3.40388000e-01
  4.83200000e+03  3.40476000e-01
  4.83300000e+03  3.40564000e-01
  4.83400000e+03  3.40652000e-01
  4.83500000e+03  3.40740000e-01
  4.83600000e+03  3.40828000e-01
  4.83700000e+03  3.40916000e-01
  4.83800000e+03  3.41004000e-01
  4.83900000e+03  3.41092000e-01
  4.84000000e+03  3.41180000e-01
  4.84100000e+03  3.41268000e-01
  4.84200000e+03  3.41356000e-01
  4.84300000e+03  3.41444000e-01
  4.84400000e+03  3.41532000e-01
  4.84500000e+03  3.41620000e-01
  4.84600000e+03  3.41708000e-01
  4.84700000e+03  3.41796000e-01
  4.84800000e+03  3.41884000e-01
  4.84900000e+03  3.41972000e-01
  4.85000000e+03  3.42060000e-01
  4.85100000e+03  3.42148000e-01
  4.85200000e+03  3.42236000e-01
  4.85300000e+03  3.42324000e-01
  4.85400000e+03  3.42412000e-01
  4.85500000e+03  3.42500000e-01
  4.85600000e+03  3.42592000e-01
  4.85700000e+03  3.42684000e-01
  4.85800000e+03  3.42776000e-01
  4.85900000e+03  3.42868000e-01
  4.86000000e+03  3.42960000e-01
  4.86100000e+03  3.43052000e-01
  4.86200000e+03  3.43144000e-01
  4.86300000e+03  3.43236000e-01
  4.86400000e+03  3.43328000e-01
  4.86500000e+03  3.43420000e-01
  4.86600000e+03  3.43512000e-01
  4.86700000e+03  3.43604000e-01
  4.86800000e+03  3.43696000e-01
  4.86900000e+03  3.43788000e-01
  4.87000000e+03  3.43880000e-01
  4.87100000e+03  3.43972000e-01
  4.87200000e+03  3.44064000e-01
  4.87300000e+03  3.44156000e-01
  4.87400000e+03  3.44248000e-01
  4.87500000e+03  3.44340000e-01
  4.87600000e+03  3.44432000e-01
  4.87700000e+03  3.44524000e-01
  4.87800000e+03  3.44616000e-01
  4.87900000e+03  3.44708000e-01
  4.88000000e+03  3.44800000e-01
  4.88100000e+03  3.44896000e-01
  4.88200000e+03  3.44992000e-01
  4.88300000e+03  3.45088000e-01
  4.88400000e+03  3.45184000e-01
  4.88500000e+03  3.45280000e-01
  4.88600000e+03  3.45376000e-01
  4.88700000e+03  3.45472000e-01
  4.88800000e+03  3.45568000e-01
  4.88900000e+03  3.45664000e-01
  4.89000000e+03  3.45760000e-01
  4.89100000e+03  3.45856000e-01
  4.89200000e+03  3.45952000e-01
  4.89300000e+03  3.46048000e-01
  4.89400000e+03  3.46144000e-01
  4.89500000e+03  3.46240000e-01
  4.89600000e+03  3.46336000e-01
  4.89700000e+03  3.46432000e-01
  4.89800000e+03  3.46528000e-01
  4.89900000e+03  3.46624000e-01
  4.90000000e+03  3.46720000e-01
  4.90100000e+03  3.46816000e-01
  4.90200000e+03  3.46912000e-01
  4.90300000e+03  3.47008000e-01
  4.90400000e+03  3.47104000e-01
  4.90500000e+03  3.47200000e-01
  4.90600000e+03  3.47292000e-01
  4.90700000e+03  3.47384000e-01
  4.90800000e+03  3.47476000e-01
  4.90900000e+03  3.47568000e-01
  4.91000000e+03  3.47660000e-01
  4.91100000e+03  3.47752000e-01
  4.91200000e+03  3.47844000e-01
  4.91300000e+03  3.47936000e-01
  4.91400000e+03  3.48028000e-01
  4.91500000e+03  3.48120000e-01
  4.91600000e+03  3.48212000e-01
  4.91700000e+03  3.48304000e-01
  4.91800000e+03  3.48396000e-01
  4.91900000e+03  3.48488000e-01
  4.92000000e+03  3.48580000e-01
  4.92100000e+03  3.48672000e-01
  4.92200000e+03  3.48764000e-01
  4.92300000e+03  3.48856000e-01
  4.92400000e+03  3.48948000e-01
  4.92500000e+03  3.49040000e-01
  4.92600000e+03  3.49132000e-01
  4.92700000e+03  3.49224000e-01
  4.92800000e+03  3.49316000e-01
  4.92900000e+03  3.49408000e-01
  4.93000000e+03  3.49500000e-01
  4.93100000e+03  3.49596000e-01
  4.93200000e+03  3.49692000e-01
  4.93300000e+03  3.49788000e-01
  4.93400000e+03  3.49884000e-01
  4.93500000e+03  3.49980000e-01
  4.93600000e+03  3.50076000e-01
  4.93700000e+03  3.50172000e-01
  4.93800000e+03  3.50268000e-01
  4.93900000e+03  3.50364000e-01
  4.94000000e+03  3.50460000e-01
  4.94100000e+03  3.50556000e-01
  4.94200000e+03  3.50652000e-01
  4.94300000e+03  3.50748000e-01
  4.94400000e+03  3.50844000e-01
  4.94500000e+03  3.50940000e-01
  4.94600000e+03  3.51036000e-01
  4.94700000e+03  3.51132000e-01
  4.94800000e+03  3.51228000e-01
  4.94900000e+03  3.51324000e-01
  4.95000000e+03  3.51420000e-01
  4.95100000e+03  3.51516000e-01
  4.95200000e+03  3.51612000e-01
  4.95300000e+03  3.51708000e-01
  4.95400000e+03  3.51804000e-01
  4.95500000e+03  3.51900000e-01
  4.95600000e+03  3.51988000e-01
  4.95700000e+03  3.52076000e-01
  4.95800000e+03  3.52164000e-01
  4.95900000e+03  3.52252000e-01
  4.96000000e+03  3.52340000e-01
  4.96100000e+03  3.52428000e-01
  4.96200000e+03  3.52516000e-01
  4.96300000e+03  3.52604000e-01
  4.96400000e+03  3.52692000e-01
  4.96500000e+03  3.52780000e-01
  4.96600000e+03  3.52868000e-01
  4.96700000e+03  3.52956000e-01
  4.96800000e+03  3.53044000e-01
  4.96900000e+03  3.53132000e-01
  4.97000000e+03  3.53220000e-01
  4.97100000e+03  3.53308000e-01
  4.97200000e+03  3.53396000e-01
  4.97300000e+03  3.53484000e-01
  4.97400000e+03  3.53572000e-01
  4.97500000e+03  3.53660000e-01
  4.97600000e+03  3.53748000e-01
  4.97700000e+03  3.53836000e-01
  4.97800000e+03  3.53924000e-01
  4.97900000e+03  3.54012000e-01
  4.98000000e+03  3.54100000e-01
  4.98100000e+03  3.54184000e-01
  4.98200000e+03  3.54268000e-01
  4.98300000e+03  3.54352000e-01
  4.98400000e+03  3.54436000e-01
  4.98500000e+03  3.54520000e-01
  4.98600000e+03  3.54604000e-01
  4.98700000e+03  3.54688000e-01
  4.98800000e+03  3.54772000e-01
  4.98900000e+03  3.54856000e-01
  4.99000000e+03  3.54940000e-01
  4.99100000e+03  3.55024000e-01
  4.99200000e+03  3.55108000e-01
  4.99300000e+03  3.55192000e-01
  4.99400000e+03  3.55276000e-01
  4.99500000e+03  3.55360000e-01
  4.99600000e+03  3.55444000e-01
  4.99700000e+03  3.55528000e-01
  4.99800000e+03  3.55612000e-01
  4.99900000e+03  3.55696000e-01
  5.00000000e+03  3.55780000e-01
  5.00100000e+03  3.55864000e-01
  5.00200000e+03  3.55948000e-01
  5.00300000e+03  3.56032000e-01
  5.00400000e+03  3.56116000e-01
  5.00500000e+03  3.56200000e-01
  5.00600000e+03  3.56276000e-01
  5.00700000e+03  3.56352000e-01
  5.00800000e+03  3.56428000e-01
  5.00900000e+03  3.56504000e-01
  5.01000000e+03  3.56580000e-01
  5.01100000e+03  3.56656000e-01
  5.01200000e+03  3.56732000e-01
  5.01300000e+03  3.56808000e-01
  5.01400000e+03  3.56884000e-01
  5.01500000e+03  3.56960000e-01
  5.01600000e+03  3.57036000e-01
  5.01700000e+03  3.57112000e-01
  5.01800000e+03  3.57188000e-01
  5.01900000e+03  3.57264000e-01
  5.02000000e+03  3.57340000e-01
  5.02100000e+03  3.57416000e-01
  5.02200000e+03  3.57492000e-01
  5.02300000e+03  3.57568000e-01
  5.02400000e+03  3.57644000e-01
  5.02500000e+03  3.57720000e-01
  5.02600000e+03  3.57796000e-01
  5.02700000e+03  3.57872000e-01
  5.02800000e+03  3.57948000e-01
  5.02900000e+03  3.58024000e-01
  5.03000000e+03  3.58100000e-01
  5.03100000e+03  3.58164000e-01
  5.03200000e+03  3.58228000e-01
  5.03300000e+03  3.58292000e-01
  5.03400000e+03  3.58356000e-01
  5.03500000e+03  3.58420000e-01
  5.03600000e+03  3.58484000e-01
  5.03700000e+03  3.58548000e-01
  5.03800000e+03  3.58612000e-01
  5.03900000e+03  3.58676000e-01
  5.04000000e+03  3.58740000e-01
  5.04100000e+03  3.58804000e-01
  5.04200000e+03  3.58868000e-01
  5.04300000e+03  3.58932000e-01
  5.04400000e+03  3.58996000e-01
  5.04500000e+03  3.59060000e-01
  5.04600000e+03  3.59124000e-01
  5.04700000e+03  3.59188000e-01
  5.04800000e+03  3.59252000e-01
  5.04900000e+03  3.59316000e-01
  5.05000000e+03  3.59380000e-01
  5.05100000e+03  3.59444000e-01
  5.05200000e+03  3.59508000e-01
  5.05300000e+03  3.59572000e-01
  5.05400000e+03  3.59636000e-01
  5.05500000e+03  3.59700000e-01
  5.05600000e+03  3.59748000e-01
  5.05700000e+03  3.59796000e-01
  5.05800000e+03  3.59844000e-01
  5.05900000e+03  3.59892000e-01
  5.06000000e+03  3.59940000e-01
  5.06100000e+03  3.59988000e-01
  5.06200000e+03  3.60036000e-01
  5.06300000e+03  3.60084000e-01
  5.06400000e+03  3.60132000e-01
  5.06500000e+03  3.60180000e-01
  5.06600000e+03  3.60228000e-01
  5.06700000e+03  3.60276000e-01
  5.06800000e+03  3.60324000e-01
  5.06900000e+03  3.60372000e-01
  5.07000000e+03  3.60420000e-01
  5.07100000e+03  3.60468000e-01
  5.07200000e+03  3.60516000e-01
  5.07300000e+03  3.60564000e-01
  5.07400000e+03  3.60612000e-01
  5.07500000e+03  3.60660000e-01
  5.07600000e+03  3.60708000e-01
  5.07700000e+03  3.60756000e-01
  5.07800000e+03  3.60804000e-01
  5.07900000e+03  3.60852000e-01
  5.08000000e+03  3.60900000e-01
  5.08100000e+03  3.60916000e-01
  5.08200000e+03  3.60932000e-01
  5.08300000e+03  3.60948000e-01
  5.08400000e+03  3.60964000e-01
  5.08500000e+03  3.60980000e-01
  5.08600000e+03  3.60996000e-01
  5.08700000e+03  3.61012000e-01
  5.08800000e+03  3.61028000e-01
  5.08900000e+03  3.61044000e-01
  5.09000000e+03  3.61060000e-01
  5.09100000e+03  3.61076000e-01
  5.09200000e+03  3.61092000e-01
  5.09300000e+03  3.61108000e-01
  5.09400000e+03  3.61124000e-01
  5.09500000e+03  3.61140000e-01
  5.09600000e+03  3.61156000e-01
  5.09700000e+03  3.61172000e-01
  5.09800000e+03  3.61188000e-01
  5.09900000e+03  3.61204000e-01
  5.10000000e+03  3.61220000e-01
  5.10100000e+03  3.61236000e-01
  5.10200000e+03  3.61252000e-01
  5.10300000e+03  3.61268000e-01
  5.10400000e+03  3.61284000e-01
  5.10500000e+03  3.61300000e-01
  5.10600000e+03  3.61284000e-01
  5.10700000e+03  3.61268000e-01
  5.10800000e+03  3.61252000e-01
  5.10900000e+03  3.61236000e-01
  5.11000000e+03  3.61220000e-01
  5.11100000e+03  3.61204000e-01
  5.11200000e+03  3.61188000e-01
  5.11300000e+03  3.61172000e-01
  5.11400000e+03  3.61156000e-01
  5.11500000e+03  3.61140000e-01
  5.11600000e+03  3.61124000e-01
  5.11700000e+03  3.61108000e-01
  5.11800000e+03  3.61092000e-01
  5.11900000e+03  3.61076000e-01
  5.12000000e+03  3.61060000e-01
  5.12100000e+03  3.61044000e-01
  5.12200000e+03  3.61028000e-01
  5.12300000e+03  3.61012000e-01
  5.12400000e+03  3.60996000e-01
  5.12500000e+03  3.60980000e-01
  5.12600000e+03  3.60964000e-01
  5.12700000e+03  3.60948000e-01
  5.12800000e+03  3.60932000e-01
  5.12900000e+03  3.60916000e-01
  5.13000000e+03  3.60900000e-01
  5.13100000e+03  3.60844000e-01
  5.13200000e+03  3.60788000e-01
  5.13300000e+03  3.60732000e-01
  5.13400000e+03  3.60676000e-01
  5.13500000e+03  3.60620000e-01
  5.13600000e+03  3.60564000e-01
  5.13700000e+03  3.60508000e-01
  5.13800000e+03  3.60452000e-01
  5.13900000e+03  3.60396000e-01
  5.14000000e+03  3.60340000e-01
  5.14100000e+03  3.60284000e-01
  5.14200000e+03  3.60228000e-01
  5.14300000e+03  3.60172000e-01
  5.14400000e+03  3.60116000e-01
  5.14500000e+03  3.60060000e-01
  5.14600000e+03  3.60004000e-01
  5.14700000e+03  3.59948000e-01
  5.14800000e+03  3.59892000e-01
  5.14900000e+03  3.59836000e-01
  5.15000000e+03  3.59780000e-01
  5.15100000e+03  3.59724000e-01
  5.15200000e+03  3.59668000e-01
  5.15300000e+03  3.59612000e-01
  5.15400000e+03  3.59556000e-01
  5.15500000e+03  3.59500000e-01
  5.15600000e+03  3.59444000e-01
  5.15700000e+03  3.59388000e-01
  5.15800000e+03  3.59332000e-01
  5.15900000e+03  3.59276000e-01
  5.16000000e+03  3.59220000e-01
  5.16100000e+03  3.59164000e-01
  5.16200000e+03  3.59108000e-01
  5.16300000e+03  3.59052000e-01
  5.16400000e+03  3.58996000e-01
  5.16500000e+03  3.58940000e-01
  5.16600000e+03  3.58884000e-01
  5.16700000e+03  3.58828000e-01
  5.16800000e+03  3.58772000e-01
  5.16900000e+03  3.58716000e-01
  5.17000000e+03  3.58660000e-01
  5.17100000e+03  3.58604000e-01
  5.17200000e+03  3.58548000e-01
  5.17300000e+03  3.58492000e-01
  5.17400000e+03  3.58436000e-01
  5.17500000e+03  3.58380000e-01
  5.17600000e+03  3.58324000e-01
  5.17700000e+03  3.58268000e-01
  5.17800000e+03  3.58212000e-01
  5.17900000e+03  3.58156000e-01
  5.18000000e+03  3.58100000e-01
  5.18100000e+03  3.58008000e-01
  5.18200000e+03  3.57916000e-01
  5.18300000e+03  3.57824000e-01
  5.18400000e+03  3.57732000e-01
  5.18500000e+03  3.57640000e-01
  5.18600000e+03  3.57548000e-01
  5.18700000e+03  3.57456000e-01
  5.18800000e+03  3.57364000e-01
  5.18900000e+03  3.57272000e-01
  5.19000000e+03  3.57180000e-01
  5.19100000e+03  3.57088000e-01
  5.19200000e+03  3.56996000e-01
  5.19300000e+03  3.56904000e-01
  5.19400000e+03  3.56812000e-01
  5.19500000e+03  3.56720000e-01
  5.19600000e+03  3.56628000e-01
  5.19700000e+03  3.56536000e-01
  5.19800000e+03  3.56444000e-01
  5.19900000e+03  3.56352000e-01
  5.20000000e+03  3.56260000e-01
  5.20100000e+03  3.56168000e-01
  5.20200000e+03  3.56076000e-01
  5.20300000e+03  3.55984000e-01
  5.20400000e+03  3.55892000e-01
  5.20500000e+03  3.55800000e-01
  5.20600000e+03  3.55376000e-01
  5.20700000e+03  3.54952000e-01
  5.20800000e+03  3.54528000e-01
  5.20900000e+03  3.54104000e-01
  5.21000000e+03  3.53680000e-01
  5.21100000e+03  3.53256000e-01
  5.21200000e+03  3.52832000e-01
  5.21300000e+03  3.52408000e-01
  5.21400000e+03  3.51984000e-01
  5.21500000e+03  3.51560000e-01
  5.21600000e+03  3.51136000e-01
  5.21700000e+03  3.50712000e-01
  5.21800000e+03  3.50288000e-01
  5.21900000e+03  3.49864000e-01
  5.22000000e+03  3.49440000e-01
  5.22100000e+03  3.49016000e-01
  5.22200000e+03  3.48592000e-01
  5.22300000e+03  3.48168000e-01
  5.22400000e+03  3.47744000e-01
  5.22500000e+03  3.47320000e-01
  5.22600000e+03  3.46896000e-01
  5.22700000e+03  3.46472000e-01
  5.22800000e+03  3.46048000e-01
  5.22900000e+03  3.45624000e-01
  5.23000000e+03  3.45200000e-01
  5.23100000e+03  3.44168000e-01
  5.23200000e+03  3.43136000e-01
  5.23300000e+03  3.42104000e-01
  5.23400000e+03  3.41072000e-01
  5.23500000e+03  3.40040000e-01
  5.23600000e+03  3.39008000e-01
  5.23700000e+03  3.37976000e-01
  5.23800000e+03  3.36944000e-01
  5.23900000e+03  3.35912000e-01
  5.24000000e+03  3.34880000e-01
  5.24100000e+03  3.33848000e-01
  5.24200000e+03  3.32816000e-01
  5.24300000e+03  3.31784000e-01
  5.24400000e+03  3.30752000e-01
  5.24500000e+03  3.29720000e-01
  5.24600000e+03  3.28688000e-01
  5.24700000e+03  3.27656000e-01
  5.24800000e+03  3.26624000e-01
  5.24900000e+03  3.25592000e-01
  5.25000000e+03  3.24560000e-01
  5.25100000e+03  3.23528000e-01
  5.25200000e+03  3.22496000e-01
  5.25300000e+03  3.21464000e-01
  5.25400000e+03  3.20432000e-01
  5.25500000e+03  3.19400000e-01
  5.25600000e+03  3.17852000e-01
  5.25700000e+03  3.16304000e-01
  5.25800000e+03  3.14756000e-01
  5.25900000e+03  3.13208000e-01
  5.26000000e+03  3.11660000e-01
  5.26100000e+03  3.10112000e-01
  5.26200000e+03  3.08564000e-01
  5.26300000e+03  3.07016000e-01
  5.26400000e+03  3.05468000e-01
  5.26500000e+03  3.03920000e-01
  5.26600000e+03  3.02372000e-01
  5.26700000e+03  3.00824000e-01
  5.26800000e+03  2.99276000e-01
  5.26900000e+03  2.97728000e-01
  5.27000000e+03  2.96180000e-01
  5.27100000e+03  2.94632000e-01
  5.27200000e+03  2.93084000e-01
  5.27300000e+03  2.91536000e-01
  5.27400000e+03  2.89988000e-01
  5.27500000e+03  2.88440000e-01
  5.27600000e+03  2.86892000e-01
  5.27700000e+03  2.85344000e-01
  5.27800000e+03  2.83796000e-01
  5.27900000e+03  2.82248000e-01
  5.28000000e+03  2.80700000e-01
  5.28100000e+03  2.78828000e-01
  5.28200000e+03  2.76956000e-01
  5.28300000e+03  2.75084000e-01
  5.28400000e+03  2.73212000e-01
  5.28500000e+03  2.71340000e-01
  5.28600000e+03  2.69468000e-01
  5.28700000e+03  2.67596000e-01
  5.28800000e+03  2.65724000e-01
  5.28900000e+03  2.63852000e-01
  5.29000000e+03  2.61980000e-01
  5.29100000e+03  2.60108000e-01
  5.29200000e+03  2.58236000e-01
  5.29300000e+03  2.56364000e-01
  5.29400000e+03  2.54492000e-01
  5.29500000e+03  2.52620000e-01
  5.29600000e+03  2.50748000e-01
  5.29700000e+03  2.48876000e-01
  5.29800000e+03  2.47004000e-01
  5.29900000e+03  2.45132000e-01
  5.30000000e+03  2.43260000e-01
  5.30100000e+03  2.41388000e-01
  5.30200000e+03  2.39516000e-01
  5.30300000e+03  2.37644000e-01
  5.30400000e+03  2.35772000e-01
  5.30500000e+03  2.33900000e-01
  5.30600000e+03  2.31900000e-01
  5.30700000e+03  2.29900000e-01
  5.30800000e+03  2.27900000e-01
  5.30900000e+03  2.25900000e-01
  5.31000000e+03  2.23900000e-01
  5.31100000e+03  2.21900000e-01
  5.31200000e+03  2.19900000e-01
  5.31300000e+03  2.17900000e-01
  5.31400000e+03  2.15900000e-01
  5.31500000e+03  2.13900000e-01
  5.31600000e+03  2.11900000e-01
  5.31700000e+03  2.09900000e-01
  5.31800000e+03  2.07900000e-01
  5.31900000e+03  2.05900000e-01
  5.32000000e+03  2.03900000e-01
  5.32100000e+03  2.01900000e-01
  5.32200000e+03  1.99900000e-01
  5.32300000e+03  1.97900000e-01
  5.32400000e+03  1.95900000e-01
  5.32500000e+03  1.93900000e-01
  5.32600000e+03  1.91900000e-01
  5.32700000e+03  1.89900000e-01
  5.32800000e+03  1.87900000e-01
  5.32900000e+03  1.85900000e-01
  5.33000000e+03  1.83900000e-01
  5.33100000e+03  1.81952000e-01
  5.33200000e+03  1.80004000e-01
  5.33300000e+03  1.78056000e-01
  5.33400000e+03  1.76108000e-01
  5.33500000e+03  1.74160000e-01
  5.33600000e+03  1.72212000e-01
  5.33700000e+03  1.70264000e-01
  5.33800000e+03  1.68316000e-01
  5.33900000e+03  1.66368000e-01
  5.34000000e+03  1.64420000e-01
  5.34100000e+03  1.62472000e-01
  5.34200000e+03  1.60524000e-01
  5.34300000e+03  1.58576000e-01
  5.34400000e+03  1.56628000e-01
  5.34500000e+03  1.54680000e-01
  5.34600000e+03  1.52732000e-01
  5.34700000e+03  1.50784000e-01
  5.34800000e+03  1.48836000e-01
  5.34900000e+03  1.46888000e-01
  5.35000000e+03  1.44940000e-01
  5.35100000e+03  1.42992000e-01
  5.35200000e+03  1.41044000e-01
  5.35300000e+03  1.39096000e-01
  5.35400000e+03  1.37148000e-01
  5.35500000e+03  1.35200000e-01
  5.35600000e+03  1.33436000e-01
  5.35700000e+03  1.31672000e-01
  5.35800000e+03  1.29908000e-01
  5.35900000e+03  1.28144000e-01
  5.36000000e+03  1.26380000e-01
  5.36100000e+03  1.24616000e-01
  5.36200000e+03  1.22852000e-01
  5.36300000e+03  1.21088000e-01
  5.36400000e+03  1.19324000e-01
  5.36500000e+03  1.17560000e-01
  5.36600000e+03  1.15796000e-01
  5.36700000e+03  1.14032000e-01
  5.36800000e+03  1.12268000e-01
  5.36900000e+03  1.10504000e-01
  5.37000000e+03  1.08740000e-01
  5.37100000e+03  1.06976000e-01
  5.37200000e+03  1.05212000e-01
  5.37300000e+03  1.03448000e-01
  5.37400000e+03  1.01684000e-01
  5.37500000e+03  9.99200000e-02
  5.37600000e+03  9.81560000e-02
  5.37700000e+03  9.63920000e-02
  5.37800000e+03  9.46280000e-02
  5.37900000e+03  9.28640000e-02
  5.38000000e+03  9.11000000e-02
  5.38100000e+03  8.96480000e-02
  5.38200000e+03  8.81960000e-02
  5.38300000e+03  8.67440000e-02
  5.38400000e+03  8.52920000e-02
  5.38500000e+03  8.38400000e-02
  5.38600000e+03  8.23880000e-02
  5.38700000e+03  8.09360000e-02
  5.38800000e+03  7.94840000e-02
  5.38900000e+03  7.80320000e-02
  5.39000000e+03  7.65800000e-02
  5.39100000e+03  7.51280000e-02
  5.39200000e+03  7.36760000e-02
  5.39300000e+03  7.22240000e-02
  5.39400000e+03  7.07720000e-02
  5.39500000e+03  6.93200000e-02
  5.39600000e+03  6.78680000e-02
  5.39700000e+03  6.64160000e-02
  5.39800000e+03  6.49640000e-02
  5.39900000e+03  6.35120000e-02
  5.40000000e+03  6.20600000e-02
  5.40100000e+03  6.06080000e-02
  5.40200000e+03  5.91560000e-02
  5.40300000e+03  5.77040000e-02
  5.40400000e+03  5.62520000e-02
  5.40500000e+03  5.48000000e-02
  5.40600000e+03  5.37880000e-02
  5.40700000e+03  5.27760000e-02
  5.40800000e+03  5.17640000e-02
  5.40900000e+03  5.07520000e-02
  5.41000000e+03  4.97400000e-02
  5.41100000e+03  4.87280000e-02
  5.41200000e+03  4.77160000e-02
  5.41300000e+03  4.67040000e-02
  5.41400000e+03  4.56920000e-02
  5.41500000e+03  4.46800000e-02
  5.41600000e+03  4.36680000e-02
  5.41700000e+03  4.26560000e-02
  5.41800000e+03  4.16440000e-02
  5.41900000e+03  4.06320000e-02
  5.42000000e+03  3.96200000e-02
  5.42100000e+03  3.86080000e-02
  5.42200000e+03  3.75960000e-02
  5.42300000e+03  3.65840000e-02
  5.42400000e+03  3.55720000e-02
  5.42500000e+03  3.45600000e-02
  5.42600000e+03  3.35480000e-02
  5.42700000e+03  3.25360000e-02
  5.42800000e+03  3.15240000e-02
  5.42900000e+03  3.05120000e-02
  5.43000000e+03  2.95000000e-02
  5.43100000e+03  2.89840000e-02
  5.43200000e+03  2.84680000e-02
  5.43300000e+03  2.79520000e-02
  5.43400000e+03  2.74360000e-02
  5.43500000e+03  2.69200000e-02
  5.43600000e+03  2.64040000e-02
  5.43700000e+03  2.58880000e-02
  5.43800000e+03  2.53720000e-02
  5.43900000e+03  2.48560000e-02
  5.44000000e+03  2.43400000e-02
  5.44100000e+03  2.38240000e-02
  5.44200000e+03  2.33080000e-02
  5.44300000e+03  2.27920000e-02
  5.44400000e+03  2.22760000e-02
  5.44500000e+03  2.17600000e-02
  5.44600000e+03  2.12440000e-02
  5.44700000e+03  2.07280000e-02
  5.44800000e+03  2.02120000e-02
  5.44900000e+03  1.96960000e-02
  5.45000000e+03  1.91800000e-02
  5.45100000e+03  1.86640000e-02
  5.45200000e+03  1.81480000e-02
  5.45300000e+03  1.76320000e-02
  5.45400000e+03  1.71160000e-02
  5.45500000e+03  1.66000000e-02
  5.45600000e+03  1.63840000e-02
  5.45700000e+03  1.61680000e-02
  5.45800000e+03  1.59520000e-02
  5.45900000e+03  1.57360000e-02
  5.46000000e+03  1.55200000e-02
  5.46100000e+03  1.53040000e-02
  5.46200000e+03  1.50880000e-02
  5.46300000e+03  1.48720000e-02
  5.46400000e+03  1.46560000e-02
  5.46500000e+03  1.44400000e-02
  5.46600000e+03  1.42240000e-02
  5.46700000e+03  1.40080000e-02
  5.46800000e+03  1.37920000e-02
  5.46900000e+03  1.35760000e-02
  5.47000000e+03  1.33600000e-02
  5.47100000e+03  1.31440000e-02
  5.47200000e+03  1.29280000e-02
  5.47300000e+03  1.27120000e-02
  5.47400000e+03  1.24960000e-02
  5.47500000e+03  1.22800000e-02
  5.47600000e+03  1.20640000e-02
  5.47700000e+03  1.18480000e-02
  5.47800000e+03  1.16320000e-02
  5.47900000e+03  1.14160000e-02
  5.48000000e+03  1.12000000e-02
  5.48100000e+03  1.10600000e-02
  5.48200000e+03  1.09200000e-02
  5.48300000e+03  1.07800000e-02
  5.48400000e+03  1.06400000e-02
  5.48500000e+03  1.05000000e-02
  5.48600000e+03  1.03600000e-02
  5.48700000e+03  1.02200000e-02
  5.48800000e+03  1.00800000e-02
  5.48900000e+03  9.94000000e-03
  5.49000000e+03  9.80000000e-03
  5.49100000e+03  9.66000000e-03
  5.49200000e+03  9.52000000e-03
  5.49300000e+03  9.38000000e-03
  5.49400000e+03  9.24000000e-03
  5.49500000e+03  9.10000000e-03
  5.49600000e+03  8.96000000e-03
  5.49700000e+03  8.82000000e-03
  5.49800000e+03  8.68000000e-03
  5.49900000e+03  8.54000000e-03
  5.50000000e+03  8.40000000e-03
  5.50100000e+03  8.26000000e-03
  5.50200000e+03  8.12000000e-03
  5.50300000e+03  7.98000000e-03
  5.50400000e+03  7.84000000e-03
  5.50500000e+03  7.70000000e-03
  5.50600000e+03  7.59200000e-03
  5.50700000e+03  7.48400000e-03
  5.50800000e+03  7.37600000e-03
  5.50900000e+03  7.26800000e-03
  5.51000000e+03  7.16000000e-03
  5.51100000e+03  7.05200000e-03
  5.51200000e+03  6.94400000e-03
  5.51300000e+03  6.83600000e-03
  5.51400000e+03  6.72800000e-03
  5.51500000e+03  6.62000000e-03
  5.51600000e+03  6.51200000e-03
  5.51700000e+03  6.40400000e-03
  5.51800000e+03  6.29600000e-03
  5.51900000e+03  6.18800000e-03
  5.52000000e+03  6.08000000e-03
  5.52100000e+03  5.97200000e-03
  5.52200000e+03  5.86400000e-03
  5.52300000e+03  5.75600000e-03
  5.52400000e+03  5.64800000e-03
  5.52500000e+03  5.54000000e-03
  5.52600000e+03  5.43200000e-03
  5.52700000e+03  5.32400000e-03
  5.52800000e+03  5.21600000e-03
  5.52900000e+03  5.10800000e-03
  5.53000000e+03  5.00000000e-03
  5.53100000e+03  4.92800000e-03
  5.53200000e+03  4.85600000e-03
  5.53300000e+03  4.78400000e-03
  5.53400000e+03  4.71200000e-03
  5.53500000e+03  4.64000000e-03
  5.53600000e+03  4.56800000e-03
  5.53700000e+03  4.49600000e-03
  5.53800000e+03  4.42400000e-03
  5.53900000e+03  4.35200000e-03
  5.54000000e+03  4.28000000e-03
  5.54100000e+03  4.20800000e-03
  5.54200000e+03  4.13600000e-03
  5.54300000e+03  4.06400000e-03
  5.54400000e+03  3.99200000e-03
  5.54500000e+03  3.92000000e-03
  5.54600000e+03  3.84800000e-03
  5.54700000e+03  3.77600000e-03
  5.54800000e+03  3.70400000e-03
  5.54900000e+03  3.63200000e-03
  5.55000000e+03  3.56000000e-03
  5.55100000e+03  3.48800000e-03
  5.55200000e+03  3.41600000e-03
  5.55300000e+03  3.34400000e-03
  5.55400000e+03  3.27200000e-03
  5.55500000e+03  3.20000000e-03
  5.55600000e+03  3.15600000e-03
  5.55700000e+03  3.11200000e-03
  5.55800000e+03  3.06800000e-03
  5.55900000e+03  3.02400000e-03
  5.56000000e+03  2.98000000e-03
  5.56100000e+03  2.93600000e-03
  5.56200000e+03  2.89200000e-03
  5.56300000e+03  2.84800000e-03
  5.56400000e+03  2.80400000e-03
  5.56500000e+03  2.76000000e-03
  5.56600000e+03  2.71600000e-03
  5.56700000e+03  2.67200000e-03
  5.56800000e+03  2.62800000e-03
  5.56900000e+03  2.58400000e-03
  5.57000000e+03  2.54000000e-03
  5.57100000e+03  2.49600000e-03
  5.57200000e+03  2.45200000e-03
  5.57300000e+03  2.40800000e-03
  5.57400000e+03  2.36400000e-03
  5.57500000e+03  2.32000000e-03
  5.57600000e+03  2.27600000e-03
  5.57700000e+03  2.23200000e-03
  5.57800000e+03  2.18800000e-03
  5.57900000e+03  2.14400000e-03
  5.58000000e+03  2.10000000e-03
  5.58100000e+03  2.07600000e-03
  5.58200000e+03  2.05200000e-03
  5.58300000e+03  2.02800000e-03
  5.58400000e+03  2.00400000e-03
  5.58500000e+03  1.98000000e-03
  5.58600000e+03  1.95600000e-03
  5.58700000e+03  1.93200000e-03
  5.58800000e+03  1.90800000e-03
  5.58900000e+03  1.88400000e-03
  5.59000000e+03  1.86000000e-03
  5.59100000e+03  1.83600000e-03
  5.59200000e+03  1.81200000e-03
  5.59300000e+03  1.78800000e-03
  5.59400000e+03  1.76400000e-03
  5.59500000e+03  1.74000000e-03
  5.59600000e+03  1.71600000e-03
  5.59700000e+03  1.69200000e-03
  5.59800000e+03  1.66800000e-03
  5.59900000e+03  1.64400000e-03
  5.60000000e+03  1.62000000e-03
  5.60100000e+03  1.59600000e-03
  5.60200000e+03  1.57200000e-03
  5.60300000e+03  1.54800000e-03
  5.60400000e+03  1.52400000e-03
  5.60500000e+03  1.50000000e-03
  5.60600000e+03  1.48800000e-03
  5.60700000e+03  1.47600000e-03
  5.60800000e+03  1.46400000e-03
  5.60900000e+03  1.45200000e-03
  5.61000000e+03  1.44000000e-03
  5.61100000e+03  1.42800000e-03
  5.61200000e+03  1.41600000e-03
  5.61300000e+03  1.40400000e-03
  5.61400000e+03  1.39200000e-03
  5.61500000e+03  1.38000000e-03
  5.61600000e+03  1.36800000e-03
  5.61700000e+03  1.35600000e-03
  5.61800000e+03  1.34400000e-03
  5.61900000e+03  1.33200000e-03
  5.62000000e+03  1.32000000e-03
  5.62100000e+03  1.30800000e-03
  5.62200000e+03  1.29600000e-03
  5.62300000e+03  1.28400000e-03
  5.62400000e+03  1.27200000e-03
  5.62500000e+03  1.26000000e-03
  5.62600000e+03  1.24800000e-03
  5.62700000e+03  1.23600000e-03
  5.62800000e+03  1.22400000e-03
  5.62900000e+03  1.21200000e-03
  5.63000000e+03  1.20000000e-03
  5.63100000e+03  1.19200000e-03
  5.63200000e+03  1.18400000e-03
  5.63300000e+03  1.17600000e-03
  5.63400000e+03  1.16800000e-03
  5.63500000e+03  1.16000000e-03
  5.63600000e+03  1.15200000e-03
  5.63700000e+03  1.14400000e-03
  5.63800000e+03  1.13600000e-03
  5.63900000e+03  1.12800000e-03
  5.64000000e+03  1.12000000e-03
  5.64100000e+03  1.11200000e-03
  5.64200000e+03  1.10400000e-03
  5.64300000e+03  1.09600000e-03
  5.64400000e+03  1.08800000e-03
  5.64500000e+03  1.08000000e-03
  5.64600000e+03  1.07200000e-03
  5.64700000e+03  1.06400000e-03
  5.64800000e+03  1.05600000e-03
  5.64900000e+03  1.04800000e-03
  5.65000000e+03  1.04000000e-03
  5.65100000e+03  1.03200000e-03
  5.65200000e+03  1.02400000e-03
  5.65300000e+03  1.01600000e-03
  5.65400000e+03  1.00800000e-03
  5.65500000e+03  1.00000000e-03
  5.65600000e+03  9.96000000e-04
  5.65700000e+03  9.92000000e-04
  5.65800000e+03  9.88000000e-04
  5.65900000e+03  9.84000000e-04
  5.66000000e+03  9.80000000e-04
  5.66100000e+03  9.76000000e-04
  5.66200000e+03  9.72000000e-04
  5.66300000e+03  9.68000000e-04
  5.66400000e+03  9.64000000e-04
  5.66500000e+03  9.60000000e-04
  5.66600000e+03  9.56000000e-04
  5.66700000e+03  9.52000000e-04
  5.66800000e+03  9.48000000e-04
  5.66900000e+03  9.44000000e-04
  5.67000000e+03  9.40000000e-04
  5.67100000e+03  9.36000000e-04
  5.67200000e+03  9.32000000e-04
  5.67300000e+03  9.28000000e-04
  5.67400000e+03  9.24000000e-04
  5.67500000e+03  9.20000000e-04
  5.67600000e+03  9.16000000e-04
  5.67700000e+03  9.12000000e-04
  5.67800000e+03  9.08000000e-04
  5.67900000e+03  9.04000000e-04
  5.68000000e+03  9.00000000e-04
  5.68100000e+03  8.96000000e-04
  5.68200000e+03  8.92000000e-04
  5.68300000e+03  8.88000000e-04
  5.68400000e+03  8.84000000e-04
  5.68500000e+03  8.80000000e-04
  5.68600000e+03  8.76000000e-04
  5.68700000e+03  8.72000000e-04
  5.68800000e+03  8.68000000e-04
  5.68900000e+03  8.64000000e-04
  5.69000000e+03  8.60000000e-04
  5.69100000e+03  8.56000000e-04
  5.69200000e+03  8.52000000e-04
  5.69300000e+03  8.48000000e-04
  5.69400000e+03  8.44000000e-04
  5.69500000e+03  8.40000000e-04
  5.69600000e+03  8.36000000e-04
  5.69700000e+03  8.32000000e-04
  5.69800000e+03  8.28000000e-04
  5.69900000e+03  8.24000000e-04
  5.70000000e+03  8.20000000e-04
  5.70100000e+03  8.16000000e-04
  5.70200000e+03  8.12000000e-04
  5.70300000e+03  8.08000000e-04
  5.70400000e+03  8.04000000e-04
  5.70500000e+03  8.00000000e-04
  5.70600000e+03  7.92000000e-04
  5.70700000e+03  7.84000000e-04
  5.70800000e+03  7.76000000e-04
  5.70900000e+03  7.68000000e-04
  5.71000000e+03  7.60000000e-04
  5.71100000e+03  7.52000000e-04
  5.71200000e+03  7.44000000e-04
  5.71300000e+03  7.36000000e-04
  5.71400000e+03  7.28000000e-04
  5.71500000e+03  7.20000000e-04
  5.71600000e+03  7.12000000e-04
  5.71700000e+03  7.04000000e-04
  5.71800000e+03  6.96000000e-04
  5.71900000e+03  6.88000000e-04
  5.72000000e+03  6.80000000e-04
  5.72100000e+03  6.72000000e-04
  5.72200000e+03  6.64000000e-04
  5.72300000e+03  6.56000000e-04
  5.72400000e+03  6.48000000e-04
  5.72500000e+03  6.40000000e-04
  5.72600000e+03  6.32000000e-04
  5.72700000e+03  6.24000000e-04
  5.72800000e+03  6.16000000e-04
  5.72900000e+03  6.08000000e-04
  5.73000000e+03  6.00000000e-04
  5.73100000e+03  5.96000000e-04
  5.73200000e+03  5.92000000e-04
  5.73300000e+03  5.88000000e-04
  5.73400000e+03  5.84000000e-04
  5.73500000e+03  5.80000000e-04
  5.73600000e+03  5.76000000e-04
  5.73700000e+03  5.72000000e-04
  5.73800000e+03  5.68000000e-04
  5.73900000e+03  5.64000000e-04
  5.74000000e+03  5.60000000e-04
  5.74100000e+03  5.56000000e-04
  5.74200000e+03  5.52000000e-04
  5.74300000e+03  5.48000000e-04
  5.74400000e+03  5.44000000e-04
  5.74500000e+03  5.40000000e-04
  5.74600000e+03  5.36000000e-04
  5.74700000e+03  5.32000000e-04
  5.74800000e+03  5.28000000e-04
  5.74900000e+03  5.24000000e-04
  5.75000000e+03  5.20000000e-04
  5.75100000e+03  5.16000000e-04
  5.75200000e+03  5.12000000e-04
  5.75300000e+03  5.08000000e-04
  5.75400000e+03  5.04000000e-04
  5.75500000e+03  5.00000000e-04
  5.75600000e+03  4.92000000e-04
  5.75700000e+03  4.84000000e-04
  5.75800000e+03  4.76000000e-04
  5.75900000e+03  4.68000000e-04
  5.76000000e+03  4.60000000e-04
  5.76100000e+03  4.52000000e-04
  5.76200000e+03  4.44000000e-04
  5.76300000e+03  4.36000000e-04
  5.76400000e+03  4.28000000e-04
  5.76500000e+03  4.20000000e-04
  5.76600000e+03  4.12000000e-04
  5.76700000e+03  4.04000000e-04
  5.76800000e+03  3.96000000e-04
  5.76900000e+03  3.88000000e-04
  5.77000000e+03  3.80000000e-04
  5.77100000e+03  3.72000000e-04
  5.77200000e+03  3.64000000e-04
  5.77300000e+03  3.56000000e-04
  5.77400000e+03  3.48000000e-04
  5.77500000e+03  3.40000000e-04
  5.77600000e+03  3.32000000e-04
  5.77700000e+03  3.24000000e-04
  5.77800000e+03  3.16000000e-04
  5.77900000e+03  3.08000000e-04
  5.78000000e+03  3.00000000e-04
  5.78100000e+03  2.92000000e-04
  5.78200000e+03  2.84000000e-04
  5.78300000e+03  2.76000000e-04
  5.78400000e+03  2.68000000e-04
  5.78500000e+03  2.60000000e-04
  5.78600000e+03  2.52000000e-04
  5.78700000e+03  2.44000000e-04
  5.78800000e+03  2.36000000e-04
  5.78900000e+03  2.28000000e-04
  5.79000000e+03  2.20000000e-04
  5.79100000e+03  2.12000000e-04
  5.79200000e+03  2.04000000e-04
  5.79300000e+03  1.96000000e-04
  5.79400000e+03  1.88000000e-04
  5.79500000e+03  1.80000000e-04
  5.79600000e+03  1.72000000e-04
  5.79700000e+03  1.64000000e-04
  5.79800000e+03  1.56000000e-04
  5.79900000e+03  1.48000000e-04
  5.80000000e+03  1.40000000e-04
  5.80100000e+03  1.32000000e-04
  5.80200000e+03  1.24000000e-04
  5.80300000e+03  1.16000000e-04
  5.80400000e+03  1.08000000e-04
  5.80600000e+03  9.60000000e-05
  5.80700000e+03  9.20000000e-05
  5.80800000e+03  8.80000000e-05
  5.80900000e+03  8.40000000e-05
  5.81000000e+03  8.00000000e-05
  5.81100000e+03  7.60000000e-05
  5.81200000e+03  7.20000000e-05
  5.81300000e+03  6.80000000e-05
  5.81400000e+03  6.40000000e-05
  5.81500000e+03  6.00000000e-05
  5.81600000e+03  5.60000000e-05
  5.81700000e+03  5.20000000e-05
  5.81800000e+03  4.80000000e-05
  5.81900000e+03  4.40000000e-05
  5.82000000e+03  4.00000000e-05
  5.82100000e+03  3.60000000e-05
  5.82200000e+03  3.20000000e-05
  5.82300000e+03  2.80000000e-05
  5.82400000e+03  2.40000000e-05
  5.82500000e+03  2.00000000e-05
  5.82600000e+03  1.60000000e-05
  5.82700000e+03  1.20000000e-05
  5.82800000e+03  8.00000000e-06
  5.82900000e+03  4.00000000e-06
  5.83000000e+03  0.00000000e+00
