  6.43000000e+03  0.00000000e+00
  6.43100000e+03  4.00000000e-06
  6.43200000e+03  8.00000000e-06
  6.43300000e+03  1.20000000e-05
  6.43400000e+03  1.60000000e-05
  6.43500000e+03  2.00000000e-05
  6.43600000e+03  2.40000000e-05
  6.43700000e+03  2.80000000e-05
  6.43800000e+03  3.20000000e-05
  6.43900000e+03  3.60000000e-05
  6.44000000e+03  4.00000000e-05
  6.44100000e+03  4.40000000e-05
  6.44200000e+03  4.80000000e-05
  6.44300000e+03  5.20000000e-05
  6.44400000e+03  5.60000000e-05
  6.44500000e+03  6.00000000e-05
  6.44600000e+03  6.40000000e-05
  6.44700000e+03  6.80000000e-05
  6.44800000e+03  7.20000000e-05
  6.44900000e+03  7.60000000e-05
  6.45000000e+03  8.00000000e-05
  6.45100000e+03  8.40000000e-05
  6.45200000e+03  8.80000000e-05
  6.45300000e+03  9.20000000e-05
  6.45400000e+03  9.60000000e-05
  6.45500000e+03  1.00000000e-04
  6.45600000e+03  1.08000000e-04
  6.45700000e+03  1.16000000e-04
  6.45800000e+03  1.24000000e-04
  6.45900000e+03  1.32000000e-04
  6.46000000e+03  1.40000000e-04
  6.46100000e+03  1.48000000e-04
  6.46200000e+03  1.56000000e-04
  6.46300000e+03  1.64000000e-04
  6.46400000e+03  1.72000000e-04
  6.46500000e+03  1.80000000e-04
  6.46600000e+03  1.88000000e-04
  6.46700000e+03  1.96000000e-04
  6.46800000e+03  2.04000000e-04
  6.46900000e+03  2.12000000e-04
  6.47000000e+03  2.20000000e-04
  6.47100000e+03  2.28000000e-04
  6.47200000e+03  2.36000000e-04
  6.47300000e+03  2.44000000e-04
  6.47400000e+03  2.52000000e-04
  6.47500000e+03  2.60000000e-04
  6.47600000e+03  2.68000000e-04
  6.47700000e+03  2.76000000e-04
  6.47800000e+03  2.84000000e-04
  6.47900000e+03  2.92000000e-04
  6.48000000e+03  3.00000000e-04
  6.48100000e+03  3.04000000e-04
  6.48200000e+03  3.08000000e-04
  6.48300000e+03  3.12000000e-04
  6.48400000e+03  3.16000000e-04
  6.48500000e+03  3.20000000e-04
  6.48600000e+03  3.24000000e-04
  6.48700000e+03  3.28000000e-04
  6.48800000e+03  3.32000000e-04
  6.48900000e+03  3.36000000e-04
  6.49000000e+03  3.40000000e-04
  6.49100000e+03  3.44000000e-04
  6.49200000e+03  3.48000000e-04
  6.49300000e+03  3.52000000e-04
  6.49400000e+03  3.56000000e-04
  6.49500000e+03  3.60000000e-04
  6.49600000e+03  3.64000000e-04
  6.49700000e+03  3.68000000e-04
  6.49800000e+03  3.72000000e-04
  6.49900000e+03  3.76000000e-04
  6.50000000e+03  3.80000000e-04
  6.50100000e+03  3.84000000e-04
  6.50200000e+03  3.88000000e-04
  6.50300000e+03  3.92000000e-04
  6.50400000e+03  3.96000000e-04
  6.50500000e+03  4.00000000e-04
  6.50600000e+03  4.00000000e-04
  6.50700000e+03  4.00000000e-04
  6.50800000e+03  4.00000000e-04
  6.50900000e+03  4.00000000e-04
  6.51000000e+03  4.00000000e-04
  6.51100000e+03  4.00000000e-04
  6.51200000e+03  4.00000000e-04
  6.51300000e+03  4.00000000e-04
  6.51400000e+03  4.00000000e-04
  6.51500000e+03  4.00000000e-04
  6.51600000e+03  4.00000000e-04
  6.51700000e+03  4.00000000e-04
  6.51800000e+03  4.00000000e-04
  6.51900000e+03  4.00000000e-04
  6.52000000e+03  4.00000000e-04
  6.52100000e+03  4.00000000e-04
  6.52200000e+03  4.00000000e-04
  6.52300000e+03  4.00000000e-04
  6.52400000e+03  4.00000000e-04
  6.52500000e+03  4.00000000e-04
  6.52600000e+03  4.00000000e-04
  6.52700000e+03  4.00000000e-04
  6.52800000e+03  4.00000000e-04
  6.52900000e+03  4.00000000e-04
  6.53000000e+03  4.00000000e-04
  6.53100000e+03  3.96000000e-04
  6.53200000e+03  3.92000000e-04
  6.53300000e+03  3.88000000e-04
  6.53400000e+03  3.84000000e-04
  6.53500000e+03  3.80000000e-04
  6.53600000e+03  3.76000000e-04
  6.53700000e+03  3.72000000e-04
  6.53800000e+03  3.68000000e-04
  6.53900000e+03  3.64000000e-04
  6.54000000e+03  3.60000000e-04
  6.54100000e+03  3.56000000e-04
  6.54200000e+03  3.52000000e-04
  6.54300000e+03  3.48000000e-04
  6.54400000e+03  3.44000000e-04
  6.54500000e+03  3.40000000e-04
  6.54600000e+03  3.36000000e-04
  6.54700000e+03  3.32000000e-04
  6.54800000e+03  3.28000000e-04
  6.54900000e+03  3.24000000e-04
  6.55000000e+03  3.20000000e-04
  6.55100000e+03  3.16000000e-04
  6.55200000e+03  3.12000000e-04
  6.55300000e+03  3.08000000e-04
  6.55400000e+03  3.04000000e-04
  6.55500000e+03  3.00000000e-04
  6.55600000e+03  3.00000000e-04
  6.55700000e+03  3.00000000e-04
  6.55800000e+03  3.00000000e-04
  6.55900000e+03  3.00000000e-04
  6.56000000e+03  3.00000000e-04
  6.56100000e+03  3.00000000e-04
  6.56200000e+03  3.00000000e-04
  6.56300000e+03  3.00000000e-04
  6.56400000e+03  3.00000000e-04
  6.56500000e+03  3.00000000e-04
  6.56600000e+03  3.00000000e-04
  6.56700000e+03  3.00000000e-04
  6.56800000e+03  3.00000000e-04
  6.56900000e+03  3.00000000e-04
  6.57000000e+03  3.00000000e-04
  6.57100000e+03  3.00000000e-04
  6.57200000e+03  3.00000000e-04
  6.57300000e+03  3.00000000e-04
  6.57400000e+03  3.00000000e-04
  6.57500000e+03  3.00000000e-04
  6.57600000e+03  3.00000000e-04
  6.57700000e+03  3.00000000e-04
  6.57800000e+03  3.00000000e-04
  6.57900000e+03  3.00000000e-04
  6.58000000e+03  3.00000000e-04
  6.58100000e+03  3.04000000e-04
  6.58200000e+03  3.08000000e-04
  6.58300000e+03  3.12000000e-04
  6.58400000e+03  3.16000000e-04
  6.58500000e+03  3.20000000e-04
  6.58600000e+03  3.24000000e-04
  6.58700000e+03  3.28000000e-04
  6.58800000e+03  3.32000000e-04
  6.58900000e+03  3.36000000e-04
  6.59000000e+03  3.40000000e-04
  6.59100000e+03  3.44000000e-04
  6.59200000e+03  3.48000000e-04
  6.59300000e+03  3.52000000e-04
  6.59400000e+03  3.56000000e-04
  6.59500000e+03  3.60000000e-04
  6.59600000e+03  3.64000000e-04
  6.59700000e+03  3.68000000e-04
  6.59800000e+03  3.72000000e-04
  6.59900000e+03  3.76000000e-04
  6.60000000e+03  3.80000000e-04
  6.60100000e+03  3.84000000e-04
  6.60200000e+03  3.88000000e-04
  6.60300000e+03  3.92000000e-04
  6.60400000e+03  3.96000000e-04
  6.60500000e+03  4.00000000e-04
  6.60600000e+03  4.20000000e-04
  6.60700000e+03  4.40000000e-04
  6.60800000e+03  4.60000000e-04
  6.60900000e+03  4.80000000e-04
  6.61000000e+03  5.00000000e-04
  6.61100000e+03  5.20000000e-04
  6.61200000e+03  5.40000000e-04
  6.61300000e+03  5.60000000e-04
  6.61400000e+03  5.80000000e-04
  6.61500000e+03  6.00000000e-04
  6.61600000e+03  6.20000000e-04
  6.61700000e+03  6.40000000e-04
  6.61800000e+03  6.60000000e-04
  6.61900000e+03  6.80000000e-04
  6.62000000e+03  7.00000000e-04
  6.62100000e+03  7.20000000e-04
  6.62200000e+03  7.40000000e-04
  6.62300000e+03  7.60000000e-04
  6.62400000e+03  7.80000000e-04
  6.62500000e+03  8.00000000e-04
  6.62600000e+03  8.20000000e-04
  6.62700000e+03  8.40000000e-04
  6.62800000e+03  8.60000000e-04
  6.62900000e+03  8.80000000e-04
  6.63000000e+03  9.00000000e-04
  6.63100000e+03  9.40000000e-04
  6.63200000e+03  9.80000000e-04
  6.63300000e+03  1.02000000e-03
  6.63400000e+03  1.06000000e-03
  6.63500000e+03  1.10000000e-03
  6.63600000e+03  1.14000000e-03
  6.63700000e+03  1.18000000e-03
  6.63800000e+03  1.22000000e-03
  6.63900000e+03  1.26000000e-03
  6.64000000e+03  1.30000000e-03
  6.64100000e+03  1.34000000e-03
  6.64200000e+03  1.38000000e-03
  6.64300000e+03  1.42000000e-03
  6.64400000e+03  1.46000000e-03
  6.64500000e+03  1.50000000e-03
  6.64600000e+03  1.54000000e-03
  6.64700000e+03  1.58000000e-03
  6.64800000e+03  1.62000000e-03
  6.64900000e+03  1.66000000e-03
  6.65000000e+03  1.70000000e-03
  6.65100000e+03  1.74000000e-03
  6.65200000e+03  1.78000000e-03
  6.65300000e+03  1.82000000e-03
  6.65400000e+03  1.86000000e-03
  6.65500000e+03  1.90000000e-03
  6.65600000e+03  1.96000000e-03
  6.65700000e+03  2.02000000e-03
  6.65800000e+03  2.08000000e-03
  6.65900000e+03  2.14000000e-03
  6.66000000e+03  2.20000000e-03
  6.66100000e+03  2.26000000e-03
  6.66200000e+03  2.32000000e-03
  6.66300000e+03  2.38000000e-03
  6.66400000e+03  2.44000000e-03
  6.66500000e+03  2.50000000e-03
  6.66600000e+03  2.56000000e-03
  6.66700000e+03  2.62000000e-03
  6.66800000e+03  2.68000000e-03
  6.66900000e+03  2.74000000e-03
  6.67000000e+03  2.80000000e-03
  6.67100000e+03  2.86000000e-03
  6.67200000e+03  2.92000000e-03
  6.67300000e+03  2.98000000e-03
  6.67400000e+03  3.04000000e-03
  6.67500000e+03  3.10000000e-03
  6.67600000e+03  3.16000000e-03
  6.67700000e+03  3.22000000e-03
  6.67800000e+03  3.28000000e-03
  6.67900000e+03  3.34000000e-03
  6.68000000e+03  3.40000000e-03
  6.68100000e+03  3.48800000e-03
  6.68200000e+03  3.57600000e-03
  6.68300000e+03  3.66400000e-03
  6.68400000e+03  3.75200000e-03
  6.68500000e+03  3.84000000e-03
  6.68600000e+03  3.92800000e-03
  6.68700000e+03  4.01600000e-03
  6.68800000e+03  4.10400000e-03
  6.68900000e+03  4.19200000e-03
  6.69000000e+03  4.28000000e-03
  6.69100000e+03  4.36800000e-03
  6.69200000e+03  4.45600000e-03
  6.69300000e+03  4.54400000e-03
  6.69400000e+03  4.63200000e-03
  6.69500000e+03  4.72000000e-03
  6.69600000e+03  4.80800000e-03
  6.69700000e+03  4.89600000e-03
  6.69800000e+03  4.98400000e-03
  6.69900000e+03  5.07200000e-03
  6.70000000e+03  5.16000000e-03
  6.70100000e+03  5.24800000e-03
  6.70200000e+03  5.33600000e-03
  6.70300000e+03  5.42400000e-03
  6.70400000e+03  5.51200000e-03
  6.70500000e+03  5.60000000e-03
  6.70600000e+03  5.78800000e-03
  6.70700000e+03  5.97600000e-03
  6.70800000e+03  6.16400000e-03
  6.70900000e+03  6.35200000e-03
  6.71000000e+03  6.54000000e-03
  6.71100000e+03  6.72800000e-03
  6.71200000e+03  6.91600000e-03
  6.71300000e+03  7.10400000e-03
  6.71400000e+03  7.29200000e-03
  6.71500000e+03  7.48000000e-03
  6.71600000e+03  7.66800000e-03
  6.71700000e+03  7.85600000e-03
  6.71800000e+03  8.04400000e-03
  6.71900000e+03  8.23200000e-03
  6.72000000e+03  8.42000000e-03
  6.72100000e+03  8.60800000e-03
  6.72200000e+03  8.79600000e-03
  6.72300000e+03  8.98400000e-03
  6.72400000e+03  9.17200000e-03
  6.72500000e+03  9.36000000e-03
  6.72600000e+03  9.54800000e-03
  6.72700000e+03  9.73600000e-03
  6.72800000e+03  9.92400000e-03
  6.72900000e+03  1.01120000e-02
  6.73000000e+03  1.03000000e-02
  6.73100000e+03  1.06640000e-02
  6.73200000e+03  1.10280000e-02
  6.73300000e+03  1.13920000e-02
  6.73400000e+03  1.17560000e-02
  6.73500000e+03  1.21200000e-02
  6.73600000e+03  1.24840000e-02
  6.73700000e+03  1.28480000e-02
  6.73800000e+03  1.32120000e-02
  6.73900000e+03  1.35760000e-02
  6.74000000e+03  1.39400000e-02
  6.74100000e+03  1.43040000e-02
  6.74200000e+03  1.46680000e-02
  6.74300000e+03  1.50320000e-02
  6.74400000e+03  1.53960000e-02
  6.74500000e+03  1.57600000e-02
  6.74600000e+03  1.61240000e-02
  6.74700000e+03  1.64880000e-02
  6.74800000e+03  1.68520000e-02
  6.74900000e+03  1.72160000e-02
  6.75000000e+03  1.75800000e-02
  6.75100000e+03  1.79440000e-02
  6.75200000e+03  1.83080000e-02
  6.75300000e+03  1.86720000e-02
  6.75400000e+03  1.90360000e-02
  6.75500000e+03  1.94000000e-02
  6.75600000e+03  2.00000000e-02
  6.75700000e+03  2.06000000e-02
  6.75800000e+03  2.12000000e-02
  6.75900000e+03  2.18000000e-02
  6.76000000e+03  2.24000000e-02
  6.76100000e+03  2.30000000e-02
  6.76200000e+03  2.36000000e-02
  6.76300000e+03  2.42000000e-02
  6.76400000e+03  2.48000000e-02
  6.76500000e+03  2.54000000e-02
  6.76600000e+03  2.60000000e-02
  6.76700000e+03  2.66000000e-02
  6.76800000e+03  2.72000000e-02
  6.76900000e+03  2.78000000e-02
  6.77000000e+03  2.84000000e-02
  6.77100000e+03  2.90000000e-02
  6.77200000e+03  2.96000000e-02
  6.77300000e+03  3.02000000e-02
  6.77400000e+03  3.08000000e-02
  6.77500000e+03  3.14000000e-02
  6.77600000e+03  3.20000000e-02
  6.77700000e+03  3.26000000e-02
  6.77800000e+03  3.32000000e-02
  6.77900000e+03  3.38000000e-02
  6.78000000e+03  3.44000000e-02
  6.78100000e+03  3.52680000e-02
  6.78200000e+03  3.61360000e-02
  6.78300000e+03  3.70040000e-02
  6.78400000e+03  3.78720000e-02
  6.78500000e+03  3.87400000e-02
  6.78600000e+03  3.96080000e-02
  6.78700000e+03  4.04760000e-02
  6.78800000e+03  4.13440000e-02
  6.78900000e+03  4.22120000e-02
  6.79000000e+03  4.30800000e-02
  6.79100000e+03  4.39480000e-02
  6.79200000e+03  4.48160000e-02
  6.79300000e+03  4.56840000e-02
  6.79400000e+03  4.65520000e-02
  6.79500000e+03  4.74200000e-02
  6.79600000e+03  4.82880000e-02
  6.79700000e+03  4.91560000e-02
  6.79800000e+03  5.00240000e-02
  6.79900000e+03  5.08920000e-02
  6.80000000e+03  5.17600000e-02
  6.80100000e+03  5.26280000e-02
  6.80200000e+03  5.34960000e-02
  6.80300000e+03  5.43640000e-02
  6.80400000e+03  5.52320000e-02
  6.80500000e+03  5.61000000e-02
  6.80600000e+03  5.72120000e-02
  6.80700000e+03  5.83240000e-02
  6.80800000e+03  5.94360000e-02
  6.80900000e+03  6.05480000e-02
  6.81000000e+03  6.16600000e-02
  6.81100000e+03  6.27720000e-02
  6.81200000e+03  6.38840000e-02
  6.81300000e+03  6.49960000e-02
  6.81400000e+03  6.61080000e-02
  6.81500000e+03  6.72200000e-02
  6.81600000e+03  6.83320000e-02
  6.81700000e+03  6.94440000e-02
  6.81800000e+03  7.05560000e-02
  6.81900000e+03  7.16680000e-02
  6.82000000e+03  7.27800000e-02
  6.82100000e+03  7.38920000e-02
  6.82200000e+03  7.50040000e-02
  6.82300000e+03  7.61160000e-02
  6.82400000e+03  7.72280000e-02
  6.82500000e+03  7.83400000e-02
  6.82600000e+03  7.94520000e-02
  6.82700000e+03  8.05640000e-02
  6.82800000e+03  8.16760000e-02
  6.82900000e+03  8.27880000e-02
  6.83000000e+03  8.39000000e-02
  6.83100000e+03  8.52000000e-02
  6.83200000e+03  8.65000000e-02
  6.83300000e+03  8.78000000e-02
  6.83400000e+03  8.91000000e-02
  6.83500000e+03  9.04000000e-02
  6.83600000e+03  9.17000000e-02
  6.83700000e+03  9.30000000e-02
  6.83800000e+03  9.43000000e-02
  6.83900000e+03  9.56000000e-02
  6.84000000e+03  9.69000000e-02
  6.84100000e+03  9.82000000e-02
  6.84200000e+03  9.95000000e-02
  6.84300000e+03  1.00800000e-01
  6.84400000e+03  1.02100000e-01
  6.84500000e+03  1.03400000e-01
  6.84600000e+03  1.04700000e-01
  6.84700000e+03  1.06000000e-01
  6.84800000e+03  1.07300000e-01
  6.84900000e+03  1.08600000e-01
  6.85000000e+03  1.09900000e-01
  6.85100000e+03  1.11200000e-01
  6.85200000e+03  1.12500000e-01
  6.85300000e+03  1.13800000e-01
  6.85400000e+03  1.15100000e-01
  6.85500000e+03  1.16400000e-01
  6.85600000e+03  1.17856000e-01
  6.85700000e+03  1.19312000e-01
  6.85800000e+03  1.20768000e-01
  6.85900000e+03  1.22224000e-01
  6.86000000e+03  1.23680000e-01
  6.86100000e+03  1.25136000e-01
  6.86200000e+03  1.26592000e-01
  6.86300000e+03  1.28048000e-01
  6.86400000e+03  1.29504000e-01
  6.86500000e+03  1.30960000e-01
  6.86600000e+03  1.32416000e-01
  6.86700000e+03  1.33872000e-01
  6.86800000e+03  1.35328000e-01
  6.86900000e+03  1.36784000e-01
  6.87000000e+03  1.38240000e-01
  6.87100000e+03  1.39696000e-01
  6.87200000e+03  1.41152000e-01
  6.87300000e+03  1.42608000e-01
  6.87400000e+03  1.44064000e-01
  6.87500000e+03  1.45520000e-01
  6.87600000e+03  1.46976000e-01
  6.87700000e+03  1.48432000e-01
  6.87800000e+03  1.49888000e-01
  6.87900000e+03  1.51344000e-01
  6.88000000e+03  1.52800000e-01
  6.88100000e+03  1.54480000e-01
  6.88200000e+03  1.56160000e-01
  6.88300000e+03  1.57840000e-01
  6.88400000e+03  1.59520000e-01
  6.88500000e+03  1.61200000e-01
  6.88600000e+03  1.62880000e-01
  6.88700000e+03  1.64560000e-01
  6.88800000e+03  1.66240000e-01
  6.88900000e+03  1.67920000e-01
  6.89000000e+03  1.69600000e-01
  6.89100000e+03  1.71280000e-01
  6.89200000e+03  1.72960000e-01
  6.89300000e+03  1.74640000e-01
  6.89400000e+03  1.76320000e-01
  6.89500000e+03  1.78000000e-01
  6.89600000e+03  1.79680000e-01
  6.89700000e+03  1.81360000e-01
  6.89800000e+03  1.83040000e-01
  6.89900000e+03  1.84720000e-01
  6.90000000e+03  1.86400000e-01
  6.90100000e+03  1.88080000e-01
  6.90200000e+03  1.89760000e-01
  6.90300000e+03  1.91440000e-01
  6.90400000e+03  1.93120000e-01
  6.90500000e+03  1.94800000e-01
  6.90600000e+03  1.96640000e-01
  6.90700000e+03  1.98480000e-01
  6.90800000e+03  2.00320000e-01
  6.90900000e+03  2.02160000e-01
  6.91000000e+03  2.04000000e-01
  6.91100000e+03  2.05840000e-01
  6.91200000e+03  2.07680000e-01
  6.91300000e+03  2.09520000e-01
  6.91400000e+03  2.11360000e-01
  6.91500000e+03  2.13200000e-01
  6.91600000e+03  2.15040000e-01
  6.91700000e+03  2.16880000e-01
  6.91800000e+03  2.18720000e-01
  6.91900000e+03  2.20560000e-01
  6.92000000e+03  2.22400000e-01
  6.92100000e+03  2.24240000e-01
  6.92200000e+03  2.26080000e-01
  6.92300000e+03  2.27920000e-01
  6.92400000e+03  2.29760000e-01
  6.92500000e+03  2.31600000e-01
  6.92600000e+03  2.33440000e-01
  6.92700000e+03  2.35280000e-01
  6.92800000e+03  2.37120000e-01
  6.92900000e+03  2.38960000e-01
  6.93000000e+03  2.40800000e-01
  6.93100000e+03  2.42596000e-01
  6.93200000e+03  2.44392000e-01
  6.93300000e+03  2.46188000e-01
  6.93400000e+03  2.47984000e-01
  6.93500000e+03  2.49780000e-01
  6.93600000e+03  2.51576000e-01
  6.93700000e+03  2.53372000e-01
  6.93800000e+03  2.55168000e-01
  6.93900000e+03  2.56964000e-01
  6.94000000e+03  2.58760000e-01
  6.94100000e+03  2.60556000e-01
  6.94200000e+03  2.62352000e-01
  6.94300000e+03  2.64148000e-01
  6.94400000e+03  2.65944000e-01
  6.94500000e+03  2.67740000e-01
  6.94600000e+03  2.69536000e-01
  6.94700000e+03  2.71332000e-01
  6.94800000e+03  2.73128000e-01
  6.94900000e+03  2.74924000e-01
  6.95000000e+03  2.76720000e-01
  6.95100000e+03  2.78516000e-01
  6.95200000e+03  2.80312000e-01
  6.95300000e+03  2.82108000e-01
  6.95400000e+03  2.83904000e-01
  6.95500000e+03  2.85700000e-01
  6.95600000e+03  2.87204000e-01
  6.95700000e+03  2.88708000e-01
  6.95800000e+03  2.90212000e-01
  6.95900000e+03  2.91716000e-01
  6.96000000e+03  2.93220000e-01
  6.96100000e+03  2.94724000e-01
  6.96200000e+03  2.96228000e-01
  6.96300000e+03  2.97732000e-01
  6.96400000e+03  2.99236000e-01
  6.96500000e+03  3.00740000e-01
  6.96600000e+03  3.02244000e-01
  6.96700000e+03  3.03748000e-01
  6.96800000e+03  3.05252000e-01
  6.96900000e+03  3.06756000e-01
  6.97000000e+03  3.08260000e-01
  6.97100000e+03  3.09764000e-01
  6.97200000e+03  3.11268000e-01
  6.97300000e+03  3.12772000e-01
  6.97400000e+03  3.14276000e-01
  6.97500000e+03  3.15780000e-01
  6.97600000e+03  3.17284000e-01
  6.97700000e+03  3.18788000e-01
  6.97800000e+03  3.20292000e-01
  6.97900000e+03  3.21796000e-01
  6.98000000e+03  3.23300000e-01
  6.98100000e+03  3.24380000e-01
  6.98200000e+03  3.25460000e-01
  6.98300000e+03  3.26540000e-01
  6.98400000e+03  3.27620000e-01
  6.98500000e+03  3.28700000e-01
  6.98600000e+03  3.29780000e-01
  6.98700000e+03  3.30860000e-01
  6.98800000e+03  3.31940000e-01
  6.98900000e+03  3.33020000e-01
  6.99000000e+03  3.34100000e-01
  6.99100000e+03  3.35180000e-01
  6.99200000e+03  3.36260000e-01
  6.99300000e+03  3.37340000e-01
  6.99400000e+03  3.38420000e-01
  6.99500000e+03  3.39500000e-01
  6.99600000e+03  3.40580000e-01
  6.99700000e+03  3.41660000e-01
  6.99800000e+03  3.42740000e-01
  6.99900000e+03  3.43820000e-01
  7.00000000e+03  3.44900000e-01
  7.00100000e+03  3.45980000e-01
  7.00200000e+03  3.47060000e-01
  7.00300000e+03  3.48140000e-01
  7.00400000e+03  3.49220000e-01
  7.00500000e+03  3.50300000e-01
  7.00600000e+03  3.51324000e-01
  7.00700000e+03  3.52348000e-01
  7.00800000e+03  3.53372000e-01
  7.00900000e+03  3.54396000e-01
  7.01000000e+03  3.55420000e-01
  7.01100000e+03  3.56444000e-01
  7.01200000e+03  3.57468000e-01
  7.01300000e+03  3.58492000e-01
  7.01400000e+03  3.59516000e-01
  7.01500000e+03  3.60540000e-01
  7.01600000e+03  3.61564000e-01
  7.01700000e+03  3.62588000e-01
  7.01800000e+03  3.63612000e-01
  7.01900000e+03  3.64636000e-01
  7.02000000e+03  3.65660000e-01
  7.02100000e+03  3.66684000e-01
  7.02200000e+03  3.67708000e-01
  7.02300000e+03  3.68732000e-01
  7.02400000e+03  3.69756000e-01
  7.02500000e+03  3.70780000e-01
  7.02600000e+03  3.71804000e-01
  7.02700000e+03  3.72828000e-01
  7.02800000e+03  3.73852000e-01
  7.02900000e+03  3.74876000e-01
  7.03000000e+03  3.75900000e-01
  7.03100000e+03  3.76824000e-01
  7.03200000e+03  3.77748000e-01
  7.03300000e+03  3.78672000e-01
  7.03400000e+03  3.79596000e-01
  7.03500000e+03  3.80520000e-01
  7.03600000e+03  3.81444000e-01
  7.03700000e+03  3.82368000e-01
  7.03800000e+03  3.83292000e-01
  7.03900000e+03  3.84216000e-01
  7.04000000e+03  3.85140000e-01
  7.04100000e+03  3.86064000e-01
  7.04200000e+03  3.86988000e-01
  7.04300000e+03  3.87912000e-01
  7.04400000e+03  3.88836000e-01
  7.04500000e+03  3.89760000e-01
  7.04600000e+03  3.90684000e-01
  7.04700000e+03  3.91608000e-01
  7.04800000e+03  3.92532000e-01
  7.04900000e+03  3.93456000e-01
  7.05000000e+03  3.94380000e-01
  7.05100000e+03  3.95304000e-01
  7.05200000e+03  3.96228000e-01
  7.05300000e+03  3.97152000e-01
  7.05400000e+03  3.98076000e-01
  7.05500000e+03  3.99000000e-01
  7.05600000e+03  3.99688000e-01
  7.05700000e+03  4.00376000e-01
  7.05800000e+03  4.01064000e-01
  7.05900000e+03  4.01752000e-01
  7.06000000e+03  4.02440000e-01
  7.06100000e+03  4.03128000e-01
  7.06200000e+03  4.03816000e-01
  7.06300000e+03  4.04504000e-01
  7.06400000e+03  4.05192000e-01
  7.06500000e+03  4.05880000e-01
  7.06600000e+03  4.06568000e-01
  7.06700000e+03  4.07256000e-01
  7.06800000e+03  4.07944000e-01
  7.06900000e+03  4.08632000e-01
  7.07000000e+03  4.09320000e-01
  7.07100000e+03  4.10008000e-01
  7.07200000e+03  4.10696000e-01
  7.07300000e+03  4.11384000e-01
  7.07400000e+03  4.12072000e-01
  7.07500000e+03  4.12760000e-01
  7.07600000e+03  4.13448000e-01
  7.07700000e+03  4.14136000e-01
  7.07800000e+03  4.14824000e-01
  7.07900000e+03  4.15512000e-01
  7.08000000e+03  4.16200000e-01
  7.08100000e+03  4.16484000e-01
  7.08200000e+03  4.16768000e-01
  7.08300000e+03  4.17052000e-01
  7.08400000e+03  4.17336000e-01
  7.08500000e+03  4.17620000e-01
  7.08600000e+03  4.17904000e-01
  7.08700000e+03  4.18188000e-01
  7.08800000e+03  4.18472000e-01
  7.08900000e+03  4.18756000e-01
  7.09000000e+03  4.19040000e-01
  7.09100000e+03  4.19324000e-01
  7.09200000e+03  4.19608000e-01
  7.09300000e+03  4.19892000e-01
  7.09400000e+03  4.20176000e-01
  7.09500000e+03  4.20460000e-01
  7.09600000e+03  4.20744000e-01
  7.09700000e+03  4.21028000e-01
  7.09800000e+03  4.21312000e-01
  7.09900000e+03  4.21596000e-01
  7.10000000e+03  4.21880000e-01
  7.10100000e+03  4.22164000e-01
  7.10200000e+03  4.22448000e-01
  7.10300000e+03  4.22732000e-01
  7.10400000e+03  4.23016000e-01
  7.10500000e+03  4.23300000e-01
  7.10600000e+03  4.23028000e-01
  7.10700000e+03  4.22756000e-01
  7.10800000e+03  4.22484000e-01
  7.10900000e+03  4.22212000e-01
  7.11000000e+03  4.21940000e-01
  7.11100000e+03  4.21668000e-01
  7.11200000e+03  4.21396000e-01
  7.11300000e+03  4.21124000e-01
  7.11400000e+03  4.20852000e-01
  7.11500000e+03  4.20580000e-01
  7.11600000e+03  4.20308000e-01
  7.11700000e+03  4.20036000e-01
  7.11800000e+03  4.19764000e-01
  7.11900000e+03  4.19492000e-01
  7.12000000e+03  4.19220000e-01
  7.12100000e+03  4.18948000e-01
  7.12200000e+03  4.18676000e-01
  7.12300000e+03  4.18404000e-01
  7.12400000e+03  4.18132000e-01
  7.12500000e+03  4.17860000e-01
  7.12600000e+03  4.17588000e-01
  7.12700000e+03  4.17316000e-01
  7.12800000e+03  4.17044000e-01
  7.12900000e+03  4.16772000e-01
  7.13000000e+03  4.16500000e-01
  7.13100000e+03  4.15612000e-01
  7.13200000e+03  4.14724000e-01
  7.13300000e+03  4.13836000e-01
  7.13400000e+03  4.12948000e-01
  7.13500000e+03  4.12060000e-01
  7.13600000e+03  4.11172000e-01
  7.13700000e+03  4.10284000e-01
  7.13800000e+03  4.09396000e-01
  7.13900000e+03  4.08508000e-01
  7.14000000e+03  4.07620000e-01
  7.14100000e+03  4.06732000e-01
  7.14200000e+03  4.05844000e-01
  7.14300000e+03  4.04956000e-01
  7.14400000e+03  4.04068000e-01
  7.14500000e+03  4.03180000e-01
  7.14600000e+03  4.02292000e-01
  7.14700000e+03  4.01404000e-01
  7.14800000e+03  4.00516000e-01
  7.14900000e+03  3.99628000e-01
  7.15000000e+03  3.98740000e-01
  7.15100000e+03  3.97852000e-01
  7.15200000e+03  3.96964000e-01
  7.15300000e+03  3.96076000e-01
  7.15400000e+03  3.95188000e-01
  7.15500000e+03  3.94300000e-01
  7.15600000e+03  3.93568000e-01
  7.15700000e+03  3.92836000e-01
  7.15800000e+03  3.92104000e-01
  7.15900000e+03  3.91372000e-01
  7.16000000e+03  3.90640000e-01
  7.16100000e+03  3.89908000e-01
  7.16200000e+03  3.89176000e-01
  7.16300000e+03  3.88444000e-01
  7.16400000e+03  3.87712000e-01
  7.16500000e+03  3.86980000e-01
  7.16600000e+03  3.86248000e-01
  7.16700000e+03  3.85516000e-01
  7.16800000e+03  3.84784000e-01
  7.16900000e+03  3.84052000e-01
  7.17000000e+03  3.83320000e-01
  7.17100000e+03  3.82588000e-01
  7.17200000e+03  3.81856000e-01
  7.17300000e+03  3.81124000e-01
  7.17400000e+03  3.80392000e-01
  7.17500000e+03  3.79660000e-01
  7.17600000e+03  3.78928000e-01
  7.17700000e+03  3.78196000e-01
  7.17800000e+03  3.77464000e-01
  7.17900000e+03  3.76732000e-01
  7.18000000e+03  3.76000000e-01
  7.18100000e+03  3.76252000e-01
  7.18200000e+03  3.76504000e-01
  7.18300000e+03  3.76756000e-01
  7.18400000e+03  3.77008000e-01
  7.18500000e+03  3.77260000e-01
  7.18600000e+03  3.77512000e-01
  7.18700000e+03  3.77764000e-01
  7.18800000e+03  3.78016000e-01
  7.18900000e+03  3.78268000e-01
  7.19000000e+03  3.78520000e-01
  7.19100000e+03  3.78772000e-01
  7.19200000e+03  3.79024000e-01
  7.19300000e+03  3.79276000e-01
  7.19400000e+03  3.79528000e-01
  7.19500000e+03  3.79780000e-01
  7.19600000e+03  3.80032000e-01
  7.19700000e+03  3.80284000e-01
  7.19800000e+03  3.80536000e-01
  7.19900000e+03  3.80788000e-01
  7.20000000e+03  3.81040000e-01
  7.20100000e+03  3.81292000e-01
  7.20200000e+03  3.81544000e-01
  7.20300000e+03  3.81796000e-01
  7.20400000e+03  3.82048000e-01
  7.20500000e+03  3.82300000e-01
  7.20600000e+03  3.82680000e-01
  7.20700000e+03  3.83060000e-01
  7.20800000e+03  3.83440000e-01
  7.20900000e+03  3.83820000e-01
  7.21000000e+03  3.84200000e-01
  7.21100000e+03  3.84580000e-01
  7.21200000e+03  3.84960000e-01
  7.21300000e+03  3.85340000e-01
  7.21400000e+03  3.85720000e-01
  7.21500000e+03  3.86100000e-01
  7.21600000e+03  3.86480000e-01
  7.21700000e+03  3.86860000e-01
  7.21800000e+03  3.87240000e-01
  7.21900000e+03  3.87620000e-01
  7.22000000e+03  3.88000000e-01
  7.22100000e+03  3.88380000e-01
  7.22200000e+03  3.88760000e-01
  7.22300000e+03  3.89140000e-01
  7.22400000e+03  3.89520000e-01
  7.22500000e+03  3.89900000e-01
  7.22600000e+03  3.90280000e-01
  7.22700000e+03  3.90660000e-01
  7.22800000e+03  3.91040000e-01
  7.22900000e+03  3.91420000e-01
  7.23000000e+03  3.91800000e-01
  7.23100000e+03  3.91696000e-01
  7.23200000e+03  3.91592000e-01
  7.23300000e+03  3.91488000e-01
  7.23400000e+03  3.91384000e-01
  7.23500000e+03  3.91280000e-01
  7.23600000e+03  3.91176000e-01
  7.23700000e+03  3.91072000e-01
  7.23800000e+03  3.90968000e-01
  7.23900000e+03  3.90864000e-01
  7.24000000e+03  3.90760000e-01
  7.24100000e+03  3.90656000e-01
  7.24200000e+03  3.90552000e-01
  7.24300000e+03  3.90448000e-01
  7.24400000e+03  3.90344000e-01
  7.24500000e+03  3.90240000e-01
  7.24600000e+03  3.90136000e-01
  7.24700000e+03  3.90032000e-01
  7.24800000e+03  3.89928000e-01
  7.24900000e+03  3.89824000e-01
  7.25000000e+03  3.89720000e-01
  7.25100000e+03  3.89616000e-01
  7.25200000e+03  3.89512000e-01
  7.25300000e+03  3.89408000e-01
  7.25400000e+03  3.89304000e-01
  7.25500000e+03  3.89200000e-01
  7.25600000e+03  3.88944000e-01
  7.25700000e+03  3.88688000e-01
  7.25800000e+03  3.88432000e-01
  7.25900000e+03  3.88176000e-01
  7.26000000e+03  3.87920000e-01
  7.26100000e+03  3.87664000e-01
  7.26200000e+03  3.87408000e-01
  7.26300000e+03  3.87152000e-01
  7.26400000e+03  3.86896000e-01
  7.26500000e+03  3.86640000e-01
  7.26600000e+03  3.86384000e-01
  7.26700000e+03  3.86128000e-01
  7.26800000e+03  3.85872000e-01
  7.26900000e+03  3.85616000e-01
  7.27000000e+03  3.85360000e-01
  7.27100000e+03  3.85104000e-01
  7.27200000e+03  3.84848000e-01
  7.27300000e+03  3.84592000e-01
  7.27400000e+03  3.84336000e-01
  7.27500000e+03  3.84080000e-01
  7.27600000e+03  3.83824000e-01
  7.27700000e+03  3.83568000e-01
  7.27800000e+03  3.83312000e-01
  7.27900000e+03  3.83056000e-01
  7.28000000e+03  3.82800000e-01
  7.28100000e+03  3.82768000e-01
  7.28200000e+03  3.82736000e-01
  7.28300000e+03  3.82704000e-01
  7.28400000e+03  3.82672000e-01
  7.28500000e+03  3.82640000e-01
  7.28600000e+03  3.82608000e-01
  7.28700000e+03  3.82576000e-01
  7.28800000e+03  3.82544000e-01
  7.28900000e+03  3.82512000e-01
  7.29000000e+03  3.82480000e-01
  7.29100000e+03  3.82448000e-01
  7.29200000e+03  3.82416000e-01
  7.29300000e+03  3.82384000e-01
  7.29400000e+03  3.82352000e-01
  7.29500000e+03  3.82320000e-01
  7.29600000e+03  3.82288000e-01
  7.29700000e+03  3.82256000e-01
  7.29800000e+03  3.82224000e-01
  7.29900000e+03  3.82192000e-01
  7.30000000e+03  3.82160000e-01
  7.30100000e+03  3.82128000e-01
  7.30200000e+03  3.82096000e-01
  7.30300000e+03  3.82064000e-01
  7.30400000e+03  3.82032000e-01
  7.30500000e+03  3.82000000e-01
  7.30600000e+03  3.82256000e-01
  7.30700000e+03  3.82512000e-01
  7.30800000e+03  3.82768000e-01
  7.30900000e+03  3.83024000e-01
  7.31000000e+03  3.83280000e-01
  7.31100000e+03  3.83536000e-01
  7.31200000e+03  3.83792000e-01
  7.31300000e+03  3.84048000e-01
  7.31400000e+03  3.84304000e-01
  7.31500000e+03  3.84560000e-01
  7.31600000e+03  3.84816000e-01
  7.31700000e+03  3.85072000e-01
  7.31800000e+03  3.85328000e-01
  7.31900000e+03  3.85584000e-01
  7.32000000e+03  3.85840000e-01
  7.32100000e+03  3.86096000e-01
  7.32200000e+03  3.86352000e-01
  7.32300000e+03  3.86608000e-01
  7.32400000e+03  3.86864000e-01
  7.32500000e+03  3.87120000e-01
  7.32600000e+03  3.87376000e-01
  7.32700000e+03  3.87632000e-01
  7.32800000e+03  3.87888000e-01
  7.32900000e+03  3.88144000e-01
  7.33000000e+03  3.88400000e-01
  7.33100000e+03  3.88352000e-01
  7.33200000e+03  3.88304000e-01
  7.33300000e+03  3.88256000e-01
  7.33400000e+03  3.88208000e-01
  7.33500000e+03  3.88160000e-01
  7.33600000e+03  3.88112000e-01
  7.33700000e+03  3.88064000e-01
  7.33800000e+03  3.88016000e-01
  7.33900000e+03  3.87968000e-01
  7.34000000e+03  3.87920000e-01
  7.34100000e+03  3.87872000e-01
  7.34200000e+03  3.87824000e-01
  7.34300000e+03  3.87776000e-01
  7.34400000e+03  3.87728000e-01
  7.34500000e+03  3.87680000e-01
  7.34600000e+03  3.87632000e-01
  7.34700000e+03  3.87584000e-01
  7.34800000e+03  3.87536000e-01
  7.34900000e+03  3.87488000e-01
  7.35000000e+03  3.87440000e-01
  7.35100000e+03  3.87392000e-01
  7.35200000e+03  3.87344000e-01
  7.35300000e+03  3.87296000e-01
  7.35400000e+03  3.87248000e-01
  7.35500000e+03  3.87200000e-01
  7.35600000e+03  3.86996000e-01
  7.35700000e+03  3.86792000e-01
  7.35800000e+03  3.86588000e-01
  7.35900000e+03  3.86384000e-01
  7.36000000e+03  3.86180000e-01
  7.36100000e+03  3.85976000e-01
  7.36200000e+03  3.85772000e-01
  7.36300000e+03  3.85568000e-01
  7.36400000e+03  3.85364000e-01
  7.36500000e+03  3.85160000e-01
  7.36600000e+03  3.84956000e-01
  7.36700000e+03  3.84752000e-01
  7.36800000e+03  3.84548000e-01
  7.36900000e+03  3.84344000e-01
  7.37000000e+03  3.84140000e-01
  7.37100000e+03  3.83936000e-01
  7.37200000e+03  3.83732000e-01
  7.37300000e+03  3.83528000e-01
  7.37400000e+03  3.83324000e-01
  7.37500000e+03  3.83120000e-01
  7.37600000e+03  3.82916000e-01
  7.37700000e+03  3.82712000e-01
  7.37800000e+03  3.82508000e-01
  7.37900000e+03  3.82304000e-01
  7.38000000e+03  3.82100000e-01
  7.38100000e+03  3.81964000e-01
  7.38200000e+03  3.81828000e-01
  7.38300000e+03  3.81692000e-01
  7.38400000e+03  3.81556000e-01
  7.38500000e+03  3.81420000e-01
  7.38600000e+03  3.81284000e-01
  7.38700000e+03  3.81148000e-01
  7.38800000e+03  3.81012000e-01
  7.38900000e+03  3.80876000e-01
  7.39000000e+03  3.80740000e-01
  7.39100000e+03  3.80604000e-01
  7.39200000e+03  3.80468000e-01
  7.39300000e+03  3.80332000e-01
  7.39400000e+03  3.80196000e-01
  7.39500000e+03  3.80060000e-01
  7.39600000e+03  3.79924000e-01
  7.39700000e+03  3.79788000e-01
  7.39800000e+03  3.79652000e-01
  7.39900000e+03  3.79516000e-01
  7.40000000e+03  3.79380000e-01
  7.40100000e+03  3.79244000e-01
  7.40200000e+03  3.79108000e-01
  7.40300000e+03  3.78972000e-01
  7.40400000e+03  3.78836000e-01
  7.40500000e+03  3.78700000e-01
  7.40600000e+03  3.78588000e-01
  7.40700000e+03  3.78476000e-01
  7.40800000e+03  3.78364000e-01
  7.40900000e+03  3.78252000e-01
  7.41000000e+03  3.78140000e-01
  7.41100000e+03  3.78028000e-01
  7.41200000e+03  3.77916000e-01
  7.41300000e+03  3.77804000e-01
  7.41400000e+03  3.77692000e-01
  7.41500000e+03  3.77580000e-01
  7.41600000e+03  3.77468000e-01
  7.41700000e+03  3.77356000e-01
  7.41800000e+03  3.77244000e-01
  7.41900000e+03  3.77132000e-01
  7.42000000e+03  3.77020000e-01
  7.42100000e+03  3.76908000e-01
  7.42200000e+03  3.76796000e-01
  7.42300000e+03  3.76684000e-01
  7.42400000e+03  3.76572000e-01
  7.42500000e+03  3.76460000e-01
  7.42600000e+03  3.76348000e-01
  7.42700000e+03  3.76236000e-01
  7.42800000e+03  3.76124000e-01
  7.42900000e+03  3.76012000e-01
  7.43000000e+03  3.75900000e-01
  7.43100000e+03  3.75772000e-01
  7.43200000e+03  3.75644000e-01
  7.43300000e+03  3.75516000e-01
  7.43400000e+03  3.75388000e-01
  7.43500000e+03  3.75260000e-01
  7.43600000e+03  3.75132000e-01
  7.43700000e+03  3.75004000e-01
  7.43800000e+03  3.74876000e-01
  7.43900000e+03  3.74748000e-01
  7.44000000e+03  3.74620000e-01
  7.44100000e+03  3.74492000e-01
  7.44200000e+03  3.74364000e-01
  7.44300000e+03  3.74236000e-01
  7.44400000e+03  3.74108000e-01
  7.44500000e+03  3.73980000e-01
  7.44600000e+03  3.73852000e-01
  7.44700000e+03  3.73724000e-01
  7.44800000e+03  3.73596000e-01
  7.44900000e+03  3.73468000e-01
  7.45000000e+03  3.73340000e-01
  7.45100000e+03  3.73212000e-01
  7.45200000e+03  3.73084000e-01
  7.45300000e+03  3.72956000e-01
  7.45400000e+03  3.72828000e-01
  7.45500000e+03  3.72700000e-01
  7.45600000e+03  3.72516000e-01
  7.45700000e+03  3.72332000e-01
  7.45800000e+03  3.72148000e-01
  7.45900000e+03  3.71964000e-01
  7.46000000e+03  3.71780000e-01
  7.46100000e+03  3.71596000e-01
  7.46200000e+03  3.71412000e-01
  7.46300000e+03  3.71228000e-01
  7.46400000e+03  3.71044000e-01
  7.46500000e+03  3.70860000e-01
  7.46600000e+03  3.70676000e-01
  7.46700000e+03  3.70492000e-01
  7.46800000e+03  3.70308000e-01
  7.46900000e+03  3.70124000e-01
  7.47000000e+03  3.69940000e-01
  7.47100000e+03  3.69756000e-01
  7.47200000e+03  3.69572000e-01
  7.47300000e+03  3.69388000e-01
  7.47400000e+03  3.69204000e-01
  7.47500000e+03  3.69020000e-01
  7.47600000e+03  3.68836000e-01
  7.47700000e+03  3.68652000e-01
  7.47800000e+03  3.68468000e-01
  7.47900000e+03  3.68284000e-01
  7.48000000e+03  3.68100000e-01
  7.48100000e+03  3.67848000e-01
  7.48200000e+03  3.67596000e-01
  7.48300000e+03  3.67344000e-01
  7.48400000e+03  3.67092000e-01
  7.48500000e+03  3.66840000e-01
  7.48600000e+03  3.66588000e-01
  7.48700000e+03  3.66336000e-01
  7.48800000e+03  3.66084000e-01
  7.48900000e+03  3.65832000e-01
  7.49000000e+03  3.65580000e-01
  7.49100000e+03  3.65328000e-01
  7.49200000e+03  3.65076000e-01
  7.49300000e+03  3.64824000e-01
  7.49400000e+03  3.64572000e-01
  7.49500000e+03  3.64320000e-01
  7.49600000e+03  3.64068000e-01
  7.49700000e+03  3.63816000e-01
  7.49800000e+03  3.63564000e-01
  7.49900000e+03  3.63312000e-01
  7.50000000e+03  3.63060000e-01
  7.50100000e+03  3.62808000e-01
  7.50200000e+03  3.62556000e-01
  7.50300000e+03  3.62304000e-01
  7.50400000e+03  3.62052000e-01
  7.50500000e+03  3.61800000e-01
  7.50600000e+03  3.61588000e-01
  7.50700000e+03  3.61376000e-01
  7.50800000e+03  3.61164000e-01
  7.50900000e+03  3.60952000e-01
  7.51000000e+03  3.60740000e-01
  7.51100000e+03  3.60528000e-01
  7.51200000e+03  3.60316000e-01
  7.51300000e+03  3.60104000e-01
  7.51400000e+03  3.59892000e-01
  7.51500000e+03  3.59680000e-01
  7.51600000e+03  3.59468000e-01
  7.51700000e+03  3.59256000e-01
  7.51800000e+03  3.59044000e-01
  7.51900000e+03  3.58832000e-01
  7.52000000e+03  3.58620000e-01
  7.52100000e+03  3.58408000e-01
  7.52200000e+03  3.58196000e-01
  7.52300000e+03  3.57984000e-01
  7.52400000e+03  3.57772000e-01
  7.52500000e+03  3.57560000e-01
  7.52600000e+03  3.57348000e-01
  7.52700000e+03  3.57136000e-01
  7.52800000e+03  3.56924000e-01
  7.52900000e+03  3.56712000e-01
  7.53000000e+03  3.56500000e-01
  7.53100000e+03  3.56456000e-01
  7.53200000e+03  3.56412000e-01
  7.53300000e+03  3.56368000e-01
  7.53400000e+03  3.56324000e-01
  7.53500000e+03  3.56280000e-01
  7.53600000e+03  3.56236000e-01
  7.53700000e+03  3.56192000e-01
  7.53800000e+03  3.56148000e-01
  7.53900000e+03  3.56104000e-01
  7.54000000e+03  3.56060000e-01
  7.54100000e+03  3.56016000e-01
  7.54200000e+03  3.55972000e-01
  7.54300000e+03  3.55928000e-01
  7.54400000e+03  3.55884000e-01
  7.54500000e+03  3.55840000e-01
  7.54600000e+03  3.55796000e-01
  7.54700000e+03  3.55752000e-01
  7.54800000e+03  3.55708000e-01
  7.54900000e+03  3.55664000e-01
  7.55000000e+03  3.55620000e-01
  7.55100000e+03  3.55576000e-01
  7.55200000e+03  3.55532000e-01
  7.55300000e+03  3.55488000e-01
  7.55400000e+03  3.55444000e-01
  7.55500000e+03  3.55400000e-01
  7.55600000e+03  3.55096000e-01
  7.55700000e+03  3.54792000e-01
  7.55800000e+03  3.54488000e-01
  7.55900000e+03  3.54184000e-01
  7.56000000e+03  3.53880000e-01
  7.56100000e+03  3.53576000e-01
  7.56200000e+03  3.53272000e-01
  7.56300000e+03  3.52968000e-01
  7.56400000e+03  3.52664000e-01
  7.56500000e+03  3.52360000e-01
  7.56600000e+03  3.52056000e-01
  7.56700000e+03  3.51752000e-01
  7.56800000e+03  3.51448000e-01
  7.56900000e+03  3.51144000e-01
  7.57000000e+03  3.50840000e-01
  7.57100000e+03  3.50536000e-01
  7.57200000e+03  3.50232000e-01
  7.57300000e+03  3.49928000e-01
  7.57400000e+03  3.49624000e-01
  7.57500000e+03  3.49320000e-01
  7.57600000e+03  3.49016000e-01
  7.57700000e+03  3.48712000e-01
  7.57800000e+03  3.48408000e-01
  7.57900000e+03  3.48104000e-01
  7.58000000e+03  3.47800000e-01
  7.58100000e+03  3.39780000e-01
  7.58200000e+03  3.31760000e-01
  7.58300000e+03  3.23740000e-01
  7.58400000e+03  3.15720000e-01
  7.58500000e+03  3.07700000e-01
  7.58600000e+03  2.99680000e-01
  7.58700000e+03  2.91660000e-01
  7.58800000e+03  2.83640000e-01
  7.58900000e+03  2.75620000e-01
  7.59000000e+03  2.67600000e-01
  7.59100000e+03  2.59580000e-01
  7.59200000e+03  2.51560000e-01
  7.59300000e+03  2.43540000e-01
  7.59400000e+03  2.35520000e-01
  7.59500000e+03  2.27500000e-01
  7.59600000e+03  2.19480000e-01
  7.59700000e+03  2.11460000e-01
  7.59800000e+03  2.03440000e-01
  7.59900000e+03  1.95420000e-01
  7.60000000e+03  1.87400000e-01
  7.60100000e+03  1.79380000e-01
  7.60200000e+03  1.71360000e-01
  7.60300000e+03  1.63340000e-01
  7.60400000e+03  1.55320000e-01
  7.60500000e+03  1.47300000e-01
  7.60600000e+03  1.49792000e-01
  7.60700000e+03  1.52284000e-01
  7.60800000e+03  1.54776000e-01
  7.60900000e+03  1.57268000e-01
  7.61000000e+03  1.59760000e-01
  7.61100000e+03  1.62252000e-01
  7.61200000e+03  1.64744000e-01
  7.61300000e+03  1.67236000e-01
  7.61400000e+03  1.69728000e-01
  7.61500000e+03  1.72220000e-01
  7.61600000e+03  1.74712000e-01
  7.61700000e+03  1.77204000e-01
  7.61800000e+03  1.79696000e-01
  7.61900000e+03  1.82188000e-01
  7.62000000e+03  1.84680000e-01
  7.62100000e+03  1.87172000e-01
  7.62200000e+03  1.89664000e-01
  7.62300000e+03  1.92156000e-01
  7.62400000e+03  1.94648000e-01
  7.62500000e+03  1.97140000e-01
  7.62600000e+03  1.99632000e-01
  7.62700000e+03  2.02124000e-01
  7.62800000e+03  2.04616000e-01
  7.62900000e+03  2.07108000e-01
  7.63000000e+03  2.09600000e-01
  7.63100000e+03  2.11808000e-01
  7.63200000e+03  2.14016000e-01
  7.63300000e+03  2.16224000e-01
  7.63400000e+03  2.18432000e-01
  7.63500000e+03  2.20640000e-01
  7.63600000e+03  2.22848000e-01
  7.63700000e+03  2.25056000e-01
  7.63800000e+03  2.27264000e-01
  7.63900000e+03  2.29472000e-01
  7.64000000e+03  2.31680000e-01
  7.64100000e+03  2.33888000e-01
  7.64200000e+03  2.36096000e-01
  7.64300000e+03  2.38304000e-01
  7.64400000e+03  2.40512000e-01
  7.64500000e+03  2.42720000e-01
  7.64600000e+03  2.44928000e-01
  7.64700000e+03  2.47136000e-01
  7.64800000e+03  2.49344000e-01
  7.64900000e+03  2.51552000e-01
  7.65000000e+03  2.53760000e-01
  7.65100000e+03  2.55968000e-01
  7.65200000e+03  2.58176000e-01
  7.65300000e+03  2.60384000e-01
  7.65400000e+03  2.62592000e-01
  7.65500000e+03  2.64800000e-01
  7.65600000e+03  2.67408000e-01
  7.65700000e+03  2.70016000e-01
  7.65800000e+03  2.72624000e-01
  7.65900000e+03  2.75232000e-01
  7.66000000e+03  2.77840000e-01
  7.66100000e+03  2.80448000e-01
  7.66200000e+03  2.83056000e-01
  7.66300000e+03  2.85664000e-01
  7.66400000e+03  2.88272000e-01
  7.66500000e+03  2.90880000e-01
  7.66600000e+03  2.93488000e-01
  7.66700000e+03  2.96096000e-01
  7.66800000e+03  2.98704000e-01
  7.66900000e+03  3.01312000e-01
  7.67000000e+03  3.03920000e-01
  7.67100000e+03  3.06528000e-01
  7.67200000e+03  3.09136000e-01
  7.67300000e+03  3.11744000e-01
  7.67400000e+03  3.14352000e-01
  7.67500000e+03  3.16960000e-01
  7.67600000e+03  3.19568000e-01
  7.67700000e+03  3.22176000e-01
  7.67800000e+03  3.24784000e-01
  7.67900000e+03  3.27392000e-01
  7.68000000e+03  3.30000000e-01
  7.68100000e+03  3.29824000e-01
  7.68200000e+03  3.29648000e-01
  7.68300000e+03  3.29472000e-01
  7.68400000e+03  3.29296000e-01
  7.68500000e+03  3.29120000e-01
  7.68600000e+03  3.28944000e-01
  7.68700000e+03  3.28768000e-01
  7.68800000e+03  3.28592000e-01
  7.68900000e+03  3.28416000e-01
  7.69000000e+03  3.28240000e-01
  7.69100000e+03  3.28064000e-01
  7.69200000e+03  3.27888000e-01
  7.69300000e+03  3.27712000e-01
  7.69400000e+03  3.27536000e-01
  7.69500000e+03  3.27360000e-01
  7.69600000e+03  3.27184000e-01
  7.69700000e+03  3.27008000e-01
  7.69800000e+03  3.26832000e-01
  7.69900000e+03  3.26656000e-01
  7.70000000e+03  3.26480000e-01
  7.70100000e+03  3.26304000e-01
  7.70200000e+03  3.26128000e-01
  7.70300000e+03  3.25952000e-01
  7.70400000e+03  3.25776000e-01
  7.70500000e+03  3.25600000e-01
  7.70600000e+03  3.25468000e-01
  7.70700000e+03  3.25336000e-01
  7.70800000e+03  3.25204000e-01
  7.70900000e+03  3.25072000e-01
  7.71000000e+03  3.24940000e-01
  7.71100000e+03  3.24808000e-01
  7.71200000e+03  3.24676000e-01
  7.71300000e+03  3.24544000e-01
  7.71400000e+03  3.24412000e-01
  7.71500000e+03  3.24280000e-01
  7.71600000e+03  3.24148000e-01
  7.71700000e+03  3.24016000e-01
  7.71800000e+03  3.23884000e-01
  7.71900000e+03  3.23752000e-01
  7.72000000e+03  3.23620000e-01
  7.72100000e+03  3.23488000e-01
  7.72200000e+03  3.23356000e-01
  7.72300000e+03  3.23224000e-01
  7.72400000e+03  3.23092000e-01
  7.72500000e+03  3.22960000e-01
  7.72600000e+03  3.22828000e-01
  7.72700000e+03  3.22696000e-01
  7.72800000e+03  3.22564000e-01
  7.72900000e+03  3.22432000e-01
  7.73000000e+03  3.22300000e-01
  7.73100000e+03  3.22124000e-01
  7.73200000e+03  3.21948000e-01
  7.73300000e+03  3.21772000e-01
  7.73400000e+03  3.21596000e-01
  7.73500000e+03  3.21420000e-01
  7.73600000e+03  3.21244000e-01
  7.73700000e+03  3.21068000e-01
  7.73800000e+03  3.20892000e-01
  7.73900000e+03  3.20716000e-01
  7.74000000e+03  3.20540000e-01
  7.74100000e+03  3.20364000e-01
  7.74200000e+03  3.20188000e-01
  7.74300000e+03  3.20012000e-01
  7.74400000e+03  3.19836000e-01
  7.74500000e+03  3.19660000e-01
  7.74600000e+03  3.19484000e-01
  7.74700000e+03  3.19308000e-01
  7.74800000e+03  3.19132000e-01
  7.74900000e+03  3.18956000e-01
  7.75000000e+03  3.18780000e-01
  7.75100000e+03  3.18604000e-01
  7.75200000e+03  3.18428000e-01
  7.75300000e+03  3.18252000e-01
  7.75400000e+03  3.18076000e-01
  7.75500000e+03  3.17900000e-01
  7.75600000e+03  3.17700000e-01
  7.75700000e+03  3.17500000e-01
  7.75800000e+03  3.17300000e-01
  7.75900000e+03  3.17100000e-01
  7.76000000e+03  3.16900000e-01
  7.76100000e+03  3.16700000e-01
  7.76200000e+03  3.16500000e-01
  7.76300000e+03  3.16300000e-01
  7.76400000e+03  3.16100000e-01
  7.76500000e+03  3.15900000e-01
  7.76600000e+03  3.15700000e-01
  7.76700000e+03  3.15500000e-01
  7.76800000e+03  3.15300000e-01
  7.76900000e+03  3.15100000e-01
  7.77000000e+03  3.14900000e-01
  7.77100000e+03  3.14700000e-01
  7.77200000e+03  3.14500000e-01
  7.77300000e+03  3.14300000e-01
  7.77400000e+03  3.14100000e-01
  7.77500000e+03  3.13900000e-01
  7.77600000e+03  3.13700000e-01
  7.77700000e+03  3.13500000e-01
  7.77800000e+03  3.13300000e-01
  7.77900000e+03  3.13100000e-01
  7.78000000e+03  3.12900000e-01
  7.78100000e+03  3.12692000e-01
  7.78200000e+03  3.12484000e-01
  7.78300000e+03  3.12276000e-01
  7.78400000e+03  3.12068000e-01
  7.78500000e+03  3.11860000e-01
  7.78600000e+03  3.11652000e-01
  7.78700000e+03  3.11444000e-01
  7.78800000e+03  3.11236000e-01
  7.78900000e+03  3.11028000e-01
  7.79000000e+03  3.10820000e-01
  7.79100000e+03  3.10612000e-01
  7.79200000e+03  3.10404000e-01
  7.79300000e+03  3.10196000e-01
  7.79400000e+03  3.09988000e-01
  7.79500000e+03  3.09780000e-01
  7.79600000e+03  3.09572000e-01
  7.79700000e+03  3.09364000e-01
  7.79800000e+03  3.09156000e-01
  7.79900000e+03  3.08948000e-01
  7.80000000e+03  3.08740000e-01
  7.80100000e+03  3.08532000e-01
  7.80200000e+03  3.08324000e-01
  7.80300000e+03  3.08116000e-01
  7.80400000e+03  3.07908000e-01
  7.80500000e+03  3.07700000e-01
  7.80600000e+03  3.07496000e-01
  7.80700000e+03  3.07292000e-01
  7.80800000e+03  3.07088000e-01
  7.80900000e+03  3.06884000e-01
  7.81000000e+03  3.06680000e-01
  7.81100000e+03  3.06476000e-01
  7.81200000e+03  3.06272000e-01
  7.81300000e+03  3.06068000e-01
  7.81400000e+03  3.05864000e-01
  7.81500000e+03  3.05660000e-01
  7.81600000e+03  3.05456000e-01
  7.81700000e+03  3.05252000e-01
  7.81800000e+03  3.05048000e-01
  7.81900000e+03  3.04844000e-01
  7.82000000e+03  3.04640000e-01
  7.82100000e+03  3.04436000e-01
  7.82200000e+03  3.04232000e-01
  7.82300000e+03  3.04028000e-01
  7.82400000e+03  3.03824000e-01
  7.82500000e+03  3.03620000e-01
  7.82600000e+03  3.03416000e-01
  7.82700000e+03  3.03212000e-01
  7.82800000e+03  3.03008000e-01
  7.82900000e+03  3.02804000e-01
  7.83000000e+03  3.02600000e-01
  7.83100000e+03  3.02416000e-01
  7.83200000e+03  3.02232000e-01
  7.83300000e+03  3.02048000e-01
  7.83400000e+03  3.01864000e-01
  7.83500000e+03  3.01680000e-01
  7.83600000e+03  3.01496000e-01
  7.83700000e+03  3.01312000e-01
  7.83800000e+03  3.01128000e-01
  7.83900000e+03  3.00944000e-01
  7.84000000e+03  3.00760000e-01
  7.84100000e+03  3.00576000e-01
  7.84200000e+03  3.00392000e-01
  7.84300000e+03  3.00208000e-01
  7.84400000e+03  3.00024000e-01
  7.84500000e+03  2.99840000e-01
  7.84600000e+03  2.99656000e-01
  7.84700000e+03  2.99472000e-01
  7.84800000e+03  2.99288000e-01
  7.84900000e+03  2.99104000e-01
  7.85000000e+03  2.98920000e-01
  7.85100000e+03  2.98736000e-01
  7.85200000e+03  2.98552000e-01
  7.85300000e+03  2.98368000e-01
  7.85400000e+03  2.98184000e-01
  7.85500000e+03  2.98000000e-01
  7.85600000e+03  2.97856000e-01
  7.85700000e+03  2.97712000e-01
  7.85800000e+03  2.97568000e-01
  7.85900000e+03  2.97424000e-01
  7.86000000e+03  2.97280000e-01
  7.86100000e+03  2.97136000e-01
  7.86200000e+03  2.96992000e-01
  7.86300000e+03  2.96848000e-01
  7.86400000e+03  2.96704000e-01
  7.86500000e+03  2.96560000e-01
  7.86600000e+03  2.96416000e-01
  7.86700000e+03  2.96272000e-01
  7.86800000e+03  2.96128000e-01
  7.86900000e+03  2.95984000e-01
  7.87000000e+03  2.95840000e-01
  7.87100000e+03  2.95696000e-01
  7.87200000e+03  2.95552000e-01
  7.87300000e+03  2.95408000e-01
  7.87400000e+03  2.95264000e-01
  7.87500000e+03  2.95120000e-01
  7.87600000e+03  2.94976000e-01
  7.87700000e+03  2.94832000e-01
  7.87800000e+03  2.94688000e-01
  7.87900000e+03  2.94544000e-01
  7.88000000e+03  2.94400000e-01
  7.88100000e+03  2.94308000e-01
  7.88200000e+03  2.94216000e-01
  7.88300000e+03  2.94124000e-01
  7.88400000e+03  2.94032000e-01
  7.88500000e+03  2.93940000e-01
  7.88600000e+03  2.93848000e-01
  7.88700000e+03  2.93756000e-01
  7.88800000e+03  2.93664000e-01
  7.88900000e+03  2.93572000e-01
  7.89000000e+03  2.93480000e-01
  7.89100000e+03  2.93388000e-01
  7.89200000e+03  2.93296000e-01
  7.89300000e+03  2.93204000e-01
  7.89400000e+03  2.93112000e-01
  7.89500000e+03  2.93020000e-01
  7.89600000e+03  2.92928000e-01
  7.89700000e+03  2.92836000e-01
  7.89800000e+03  2.92744000e-01
  7.89900000e+03  2.92652000e-01
  7.90000000e+03  2.92560000e-01
  7.90100000e+03  2.92468000e-01
  7.90200000e+03  2.92376000e-01
  7.90300000e+03  2.92284000e-01
  7.90400000e+03  2.92192000e-01
  7.90500000e+03  2.92100000e-01
  7.90600000e+03  2.92080000e-01
  7.90700000e+03  2.92060000e-01
  7.90800000e+03  2.92040000e-01
  7.90900000e+03  2.92020000e-01
  7.91000000e+03  2.92000000e-01
  7.91100000e+03  2.91980000e-01
  7.91200000e+03  2.91960000e-01
  7.91300000e+03  2.91940000e-01
  7.91400000e+03  2.91920000e-01
  7.91500000e+03  2.91900000e-01
  7.91600000e+03  2.91880000e-01
  7.91700000e+03  2.91860000e-01
  7.91800000e+03  2.91840000e-01
  7.91900000e+03  2.91820000e-01
  7.92000000e+03  2.91800000e-01
  7.92100000e+03  2.91780000e-01
  7.92200000e+03  2.91760000e-01
  7.92300000e+03  2.91740000e-01
  7.92400000e+03  2.91720000e-01
  7.92500000e+03  2.91700000e-01
  7.92600000e+03  2.91680000e-01
  7.92700000e+03  2.91660000e-01
  7.92800000e+03  2.91640000e-01
  7.92900000e+03  2.91620000e-01
  7.93000000e+03  2.91600000e-01
  7.93100000e+03  2.91620000e-01
  7.93200000e+03  2.91640000e-01
  7.93300000e+03  2.91660000e-01
  7.93400000e+03  2.91680000e-01
  7.93500000e+03  2.91700000e-01
  7.93600000e+03  2.91720000e-01
  7.93700000e+03  2.91740000e-01
  7.93800000e+03  2.91760000e-01
  7.93900000e+03  2.91780000e-01
  7.94000000e+03  2.91800000e-01
  7.94100000e+03  2.91820000e-01
  7.94200000e+03  2.91840000e-01
  7.94300000e+03  2.91860000e-01
  7.94400000e+03  2.91880000e-01
  7.94500000e+03  2.91900000e-01
  7.94600000e+03  2.91920000e-01
  7.94700000e+03  2.91940000e-01
  7.94800000e+03  2.91960000e-01
  7.94900000e+03  2.91980000e-01
  7.95000000e+03  2.92000000e-01
  7.95100000e+03  2.92020000e-01
  7.95200000e+03  2.92040000e-01
  7.95300000e+03  2.92060000e-01
  7.95400000e+03  2.92080000e-01
  7.95500000e+03  2.92100000e-01
  7.95600000e+03  2.92124000e-01
  7.95700000e+03  2.92148000e-01
  7.95800000e+03  2.92172000e-01
  7.95900000e+03  2.92196000e-01
  7.96000000e+03  2.92220000e-01
  7.96100000e+03  2.92244000e-01
  7.96200000e+03  2.92268000e-01
  7.96300000e+03  2.92292000e-01
  7.96400000e+03  2.92316000e-01
  7.96500000e+03  2.92340000e-01
  7.96600000e+03  2.92364000e-01
  7.96700000e+03  2.92388000e-01
  7.96800000e+03  2.92412000e-01
  7.96900000e+03  2.92436000e-01
  7.97000000e+03  2.92460000e-01
  7.97100000e+03  2.92484000e-01
  7.97200000e+03  2.92508000e-01
  7.97300000e+03  2.92532000e-01
  7.97400000e+03  2.92556000e-01
  7.97500000e+03  2.92580000e-01
  7.97600000e+03  2.92604000e-01
  7.97700000e+03  2.92628000e-01
  7.97800000e+03  2.92652000e-01
  7.97900000e+03  2.92676000e-01
  7.98000000e+03  2.92700000e-01
  7.98100000e+03  2.92684000e-01
  7.98200000e+03  2.92668000e-01
  7.98300000e+03  2.92652000e-01
  7.98400000e+03  2.92636000e-01
  7.98500000e+03  2.92620000e-01
  7.98600000e+03  2.92604000e-01
  7.98700000e+03  2.92588000e-01
  7.98800000e+03  2.92572000e-01
  7.98900000e+03  2.92556000e-01
  7.99000000e+03  2.92540000e-01
  7.99100000e+03  2.92524000e-01
  7.99200000e+03  2.92508000e-01
  7.99300000e+03  2.92492000e-01
  7.99400000e+03  2.92476000e-01
  7.99500000e+03  2.92460000e-01
  7.99600000e+03  2.92444000e-01
  7.99700000e+03  2.92428000e-01
  7.99800000e+03  2.92412000e-01
  7.99900000e+03  2.92396000e-01
  8.00000000e+03  2.92380000e-01
  8.00100000e+03  2.92364000e-01
  8.00200000e+03  2.92348000e-01
  8.00300000e+03  2.92332000e-01
  8.00400000e+03  2.92316000e-01
  8.00500000e+03  2.92300000e-01
  8.00600000e+03  2.92192000e-01
  8.00700000e+03  2.92084000e-01
  8.00800000e+03  2.91976000e-01
  8.00900000e+03  2.91868000e-01
  8.01000000e+03  2.91760000e-01
  8.01100000e+03  2.91652000e-01
  8.01200000e+03  2.91544000e-01
  8.01300000e+03  2.91436000e-01
  8.01400000e+03  2.91328000e-01
  8.01500000e+03  2.91220000e-01
  8.01600000e+03  2.91112000e-01
  8.01700000e+03  2.91004000e-01
  8.01800000e+03  2.90896000e-01
  8.01900000e+03  2.90788000e-01
  8.02000000e+03  2.90680000e-01
  8.02100000e+03  2.90572000e-01
  8.02200000e+03  2.90464000e-01
  8.02300000e+03  2.90356000e-01
  8.02400000e+03  2.90248000e-01
  8.02500000e+03  2.90140000e-01
  8.02600000e+03  2.90032000e-01
  8.02700000e+03  2.89924000e-01
  8.02800000e+03  2.89816000e-01
  8.02900000e+03  2.89708000e-01
  8.03000000e+03  2.89600000e-01
  8.03100000e+03  2.89376000e-01
  8.03200000e+03  2.89152000e-01
  8.03300000e+03  2.88928000e-01
  8.03400000e+03  2.88704000e-01
  8.03500000e+03  2.88480000e-01
  8.03600000e+03  2.88256000e-01
  8.03700000e+03  2.88032000e-01
  8.03800000e+03  2.87808000e-01
  8.03900000e+03  2.87584000e-01
  8.04000000e+03  2.87360000e-01
  8.04100000e+03  2.87136000e-01
  8.04200000e+03  2.86912000e-01
  8.04300000e+03  2.86688000e-01
  8.04400000e+03  2.86464000e-01
  8.04500000e+03  2.86240000e-01
  8.04600000e+03  2.86016000e-01
  8.04700000e+03  2.85792000e-01
  8.04800000e+03  2.85568000e-01
  8.04900000e+03  2.85344000e-01
  8.05000000e+03  2.85120000e-01
  8.05100000e+03  2.84896000e-01
  8.05200000e+03  2.84672000e-01
  8.05300000e+03  2.84448000e-01
  8.05400000e+03  2.84224000e-01
  8.05500000e+03  2.84000000e-01
  8.05600000e+03  2.83672000e-01
  8.05700000e+03  2.83344000e-01
  8.05800000e+03  2.83016000e-01
  8.05900000e+03  2.82688000e-01
  8.06000000e+03  2.82360000e-01
  8.06100000e+03  2.82032000e-01
  8.06200000e+03  2.81704000e-01
  8.06300000e+03  2.81376000e-01
  8.06400000e+03  2.81048000e-01
  8.06500000e+03  2.80720000e-01
  8.06600000e+03  2.80392000e-01
  8.06700000e+03  2.80064000e-01
  8.06800000e+03  2.79736000e-01
  8.06900000e+03  2.79408000e-01
  8.07000000e+03  2.79080000e-01
  8.07100000e+03  2.78752000e-01
  8.07200000e+03  2.78424000e-01
  8.07300000e+03  2.78096000e-01
  8.07400000e+03  2.77768000e-01
  8.07500000e+03  2.77440000e-01
  8.07600000e+03  2.77112000e-01
  8.07700000e+03  2.76784000e-01
  8.07800000e+03  2.76456000e-01
  8.07900000e+03  2.76128000e-01
  8.08000000e+03  2.75800000e-01
  8.08100000e+03  2.75336000e-01
  8.08200000e+03  2.74872000e-01
  8.08300000e+03  2.74408000e-01
  8.08400000e+03  2.73944000e-01
  8.08500000e+03  2.73480000e-01
  8.08600000e+03  2.73016000e-01
  8.08700000e+03  2.72552000e-01
  8.08800000e+03  2.72088000e-01
  8.08900000e+03  2.71624000e-01
  8.09000000e+03  2.71160000e-01
  8.09100000e+03  2.70696000e-01
  8.09200000e+03  2.70232000e-01
  8.09300000e+03  2.69768000e-01
  8.09400000e+03  2.69304000e-01
  8.09500000e+03  2.68840000e-01
  8.09600000e+03  2.68376000e-01
  8.09700000e+03  2.67912000e-01
  8.09800000e+03  2.67448000e-01
  8.09900000e+03  2.66984000e-01
  8.10000000e+03  2.66520000e-01
  8.10100000e+03  2.66056000e-01
  8.10200000e+03  2.65592000e-01
  8.10300000e+03  2.65128000e-01
  8.10400000e+03  2.64664000e-01
  8.10500000e+03  2.64200000e-01
  8.10600000e+03  2.63340000e-01
  8.10700000e+03  2.62480000e-01
  8.10800000e+03  2.61620000e-01
  8.10900000e+03  2.60760000e-01
  8.11000000e+03  2.59900000e-01
  8.11100000e+03  2.59040000e-01
  8.11200000e+03  2.58180000e-01
  8.11300000e+03  2.57320000e-01
  8.11400000e+03  2.56460000e-01
  8.11500000e+03  2.55600000e-01
  8.11600000e+03  2.54740000e-01
  8.11700000e+03  2.53880000e-01
  8.11800000e+03  2.53020000e-01
  8.11900000e+03  2.52160000e-01
  8.12000000e+03  2.51300000e-01
  8.12100000e+03  2.50440000e-01
  8.12200000e+03  2.49580000e-01
  8.12300000e+03  2.48720000e-01
  8.12400000e+03  2.47860000e-01
  8.12500000e+03  2.47000000e-01
  8.12600000e+03  2.46140000e-01
  8.12700000e+03  2.45280000e-01
  8.12800000e+03  2.44420000e-01
  8.12900000e+03  2.43560000e-01
  8.13000000e+03  2.42700000e-01
  8.13100000e+03  2.41356000e-01
  8.13200000e+03  2.40012000e-01
  8.13300000e+03  2.38668000e-01
  8.13400000e+03  2.37324000e-01
  8.13500000e+03  2.35980000e-01
  8.13600000e+03  2.34636000e-01
  8.13700000e+03  2.33292000e-01
  8.13800000e+03  2.31948000e-01
  8.13900000e+03  2.30604000e-01
  8.14000000e+03  2.29260000e-01
  8.14100000e+03  2.27916000e-01
  8.14200000e+03  2.26572000e-01
  8.14300000e+03  2.25228000e-01
  8.14400000e+03  2.23884000e-01
  8.14500000e+03  2.22540000e-01
  8.14600000e+03  2.21196000e-01
  8.14700000e+03  2.19852000e-01
  8.14800000e+03  2.18508000e-01
  8.14900000e+03  2.17164000e-01
  8.15000000e+03  2.15820000e-01
  8.15100000e+03  2.14476000e-01
  8.15200000e+03  2.13132000e-01
  8.15300000e+03  2.11788000e-01
  8.15400000e+03  2.10444000e-01
  8.15500000e+03  2.09100000e-01
  8.15600000e+03  2.07492000e-01
  8.15700000e+03  2.05884000e-01
  8.15800000e+03  2.04276000e-01
  8.15900000e+03  2.02668000e-01
  8.16000000e+03  2.01060000e-01
  8.16100000e+03  1.99452000e-01
  8.16200000e+03  1.97844000e-01
  8.16300000e+03  1.96236000e-01
  8.16400000e+03  1.94628000e-01
  8.16500000e+03  1.93020000e-01
  8.16600000e+03  1.91412000e-01
  8.16700000e+03  1.89804000e-01
  8.16800000e+03  1.88196000e-01
  8.16900000e+03  1.86588000e-01
  8.17000000e+03  1.84980000e-01
  8.17100000e+03  1.83372000e-01
  8.17200000e+03  1.81764000e-01
  8.17300000e+03  1.80156000e-01
  8.17400000e+03  1.78548000e-01
  8.17500000e+03  1.76940000e-01
  8.17600000e+03  1.75332000e-01
  8.17700000e+03  1.73724000e-01
  8.17800000e+03  1.72116000e-01
  8.17900000e+03  1.70508000e-01
  8.18000000e+03  1.68900000e-01
  8.18100000e+03  1.67248000e-01
  8.18200000e+03  1.65596000e-01
  8.18300000e+03  1.63944000e-01
  8.18400000e+03  1.62292000e-01
  8.18500000e+03  1.60640000e-01
  8.18600000e+03  1.58988000e-01
  8.18700000e+03  1.57336000e-01
  8.18800000e+03  1.55684000e-01
  8.18900000e+03  1.54032000e-01
  8.19000000e+03  1.52380000e-01
  8.19100000e+03  1.50728000e-01
  8.19200000e+03  1.49076000e-01
  8.19300000e+03  1.47424000e-01
  8.19400000e+03  1.45772000e-01
  8.19500000e+03  1.44120000e-01
  8.19600000e+03  1.42468000e-01
  8.19700000e+03  1.40816000e-01
  8.19800000e+03  1.39164000e-01
  8.19900000e+03  1.37512000e-01
  8.20000000e+03  1.35860000e-01
  8.20100000e+03  1.34208000e-01
  8.20200000e+03  1.32556000e-01
  8.20300000e+03  1.30904000e-01
  8.20400000e+03  1.29252000e-01
  8.20500000e+03  1.27600000e-01
  8.20600000e+03  1.26100000e-01
  8.20700000e+03  1.24600000e-01
  8.20800000e+03  1.23100000e-01
  8.20900000e+03  1.21600000e-01
  8.21000000e+03  1.20100000e-01
  8.21100000e+03  1.18600000e-01
  8.21200000e+03  1.17100000e-01
  8.21300000e+03  1.15600000e-01
  8.21400000e+03  1.14100000e-01
  8.21500000e+03  1.12600000e-01
  8.21600000e+03  1.11100000e-01
  8.21700000e+03  1.09600000e-01
  8.21800000e+03  1.08100000e-01
  8.21900000e+03  1.06600000e-01
  8.22000000e+03  1.05100000e-01
  8.22100000e+03  1.03600000e-01
  8.22200000e+03  1.02100000e-01
  8.22300000e+03  1.00600000e-01
  8.22400000e+03  9.91000000e-02
  8.22500000e+03  9.76000000e-02
  8.22600000e+03  9.61000000e-02
  8.22700000e+03  9.46000000e-02
  8.22800000e+03  9.31000000e-02
  8.22900000e+03  9.16000000e-02
  8.23000000e+03  9.01000000e-02
  8.23100000e+03  8.89080000e-02
  8.23200000e+03  8.77160000e-02
  8.23300000e+03  8.65240000e-02
  8.23400000e+03  8.53320000e-02
  8.23500000e+03  8.41400000e-02
  8.23600000e+03  8.29480000e-02
  8.23700000e+03  8.17560000e-02
  8.23800000e+03  8.05640000e-02
  8.23900000e+03  7.93720000e-02
  8.24000000e+03  7.81800000e-02
  8.24100000e+03  7.69880000e-02
  8.24200000e+03  7.57960000e-02
  8.24300000e+03  7.46040000e-02
  8.24400000e+03  7.34120000e-02
  8.24500000e+03  7.22200000e-02
  8.24600000e+03  7.10280000e-02
  8.24700000e+03  6.98360000e-02
  8.24800000e+03  6.86440000e-02
  8.24900000e+03  6.74520000e-02
  8.25000000e+03  6.62600000e-02
  8.25100000e+03  6.50680000e-02
  8.25200000e+03  6.38760000e-02
  8.25300000e+03  6.26840000e-02
  8.25400000e+03  6.14920000e-02
  8.25500000e+03  6.03000000e-02
  8.25600000e+03  5.94000000e-02
  8.25700000e+03  5.85000000e-02
  8.25800000e+03  5.76000000e-02
  8.25900000e+03  5.67000000e-02
  8.26000000e+03  5.58000000e-02
  8.26100000e+03  5.49000000e-02
  8.26200000e+03  5.40000000e-02
  8.26300000e+03  5.31000000e-02
  8.26400000e+03  5.22000000e-02
  8.26500000e+03  5.13000000e-02
  8.26600000e+03  5.04000000e-02
  8.26700000e+03  4.95000000e-02
  8.26800000e+03  4.86000000e-02
  8.26900000e+03  4.77000000e-02
  8.27000000e+03  4.68000000e-02
  8.27100000e+03  4.59000000e-02
  8.27200000e+03  4.50000000e-02
  8.27300000e+03  4.41000000e-02
  8.27400000e+03  4.32000000e-02
  8.27500000e+03  4.23000000e-02
  8.27600000e+03  4.14000000e-02
  8.27700000e+03  4.05000000e-02
  8.27800000e+03  3.96000000e-02
  8.27900000e+03  3.87000000e-02
  8.28000000e+03  3.78000000e-02
  8.28100000e+03  3.71600000e-02
  8.28200000e+03  3.65200000e-02
  8.28300000e+03  3.58800000e-02
  8.28400000e+03  3.52400000e-02
  8.28500000e+03  3.46000000e-02
  8.28600000e+03  3.39600000e-02
  8.28700000e+03  3.33200000e-02
  8.28800000e+03  3.26800000e-02
  8.28900000e+03  3.20400000e-02
  8.29000000e+03  3.14000000e-02
  8.29100000e+03  3.07600000e-02
  8.29200000e+03  3.01200000e-02
  8.29300000e+03  2.94800000e-02
  8.29400000e+03  2.88400000e-02
  8.29500000e+03  2.82000000e-02
  8.29600000e+03  2.75600000e-02
  8.29700000e+03  2.69200000e-02
  8.29800000e+03  2.62800000e-02
  8.29900000e+03  2.56400000e-02
  8.30000000e+03  2.50000000e-02
  8.30100000e+03  2.43600000e-02
  8.30200000e+03  2.37200000e-02
  8.30300000e+03  2.30800000e-02
  8.30400000e+03  2.24400000e-02
  8.30500000e+03  2.18000000e-02
  8.30600000e+03  2.13960000e-02
  8.30700000e+03  2.09920000e-02
  8.30800000e+03  2.05880000e-02
  8.30900000e+03  2.01840000e-02
  8.31000000e+03  1.97800000e-02
  8.31100000e+03  1.93760000e-02
  8.31200000e+03  1.89720000e-02
  8.31300000e+03  1.85680000e-02
  8.31400000e+03  1.81640000e-02
  8.31500000e+03  1.77600000e-02
  8.31600000e+03  1.73560000e-02
  8.31700000e+03  1.69520000e-02
  8.31800000e+03  1.65480000e-02
  8.31900000e+03  1.61440000e-02
  8.32000000e+03  1.57400000e-02
  8.32100000e+03  1.53360000e-02
  8.32200000e+03  1.49320000e-02
  8.32300000e+03  1.45280000e-02
  8.32400000e+03  1.41240000e-02
  8.32500000e+03  1.37200000e-02
  8.32600000e+03  1.33160000e-02
  8.32700000e+03  1.29120000e-02
  8.32800000e+03  1.25080000e-02
  8.32900000e+03  1.21040000e-02
  8.33000000e+03  1.17000000e-02
  8.33100000e+03  1.15040000e-02
  8.33200000e+03  1.13080000e-02
  8.33300000e+03  1.11120000e-02
  8.33400000e+03  1.09160000e-02
  8.33500000e+03  1.07200000e-02
  8.33600000e+03  1.05240000e-02
  8.33700000e+03  1.03280000e-02
  8.33800000e+03  1.01320000e-02
  8.33900000e+03  9.93600000e-03
  8.34000000e+03  9.74000000e-03
  8.34100000e+03  9.54400000e-03
  8.34200000e+03  9.34800000e-03
  8.34300000e+03  9.15200000e-03
  8.34400000e+03  8.95600000e-03
  8.34500000e+03  8.76000000e-03
  8.34600000e+03  8.56400000e-03
  8.34700000e+03  8.36800000e-03
  8.34800000e+03  8.17200000e-03
  8.34900000e+03  7.97600000e-03
  8.35000000e+03  7.78000000e-03
  8.35100000e+03  7.58400000e-03
  8.35200000e+03  7.38800000e-03
  8.35300000e+03  7.19200000e-03
  8.35400000e+03  6.99600000e-03
  8.35500000e+03  6.80000000e-03
  8.35600000e+03  6.72000000e-03
  8.35700000e+03  6.64000000e-03
  8.35800000e+03  6.56000000e-03
  8.35900000e+03  6.48000000e-03
  8.36000000e+03  6.40000000e-03
  8.36100000e+03  6.32000000e-03
  8.36200000e+03  6.24000000e-03
  8.36300000e+03  6.16000000e-03
  8.36400000e+03  6.08000000e-03
  8.36500000e+03  6.00000000e-03
  8.36600000e+03  5.92000000e-03
  8.36700000e+03  5.84000000e-03
  8.36800000e+03  5.76000000e-03
  8.36900000e+03  5.68000000e-03
  8.37000000e+03  5.60000000e-03
  8.37100000e+03  5.52000000e-03
  8.37200000e+03  5.44000000e-03
  8.37300000e+03  5.36000000e-03
  8.37400000e+03  5.28000000e-03
  8.37500000e+03  5.20000000e-03
  8.37600000e+03  5.12000000e-03
  8.37700000e+03  5.04000000e-03
  8.37800000e+03  4.96000000e-03
  8.37900000e+03  4.88000000e-03
  8.38000000e+03  4.80000000e-03
  8.38100000e+03  4.74000000e-03
  8.38200000e+03  4.68000000e-03
  8.38300000e+03  4.62000000e-03
  8.38400000e+03  4.56000000e-03
  8.38500000e+03  4.50000000e-03
  8.38600000e+03  4.44000000e-03
  8.38700000e+03  4.38000000e-03
  8.38800000e+03  4.32000000e-03
  8.38900000e+03  4.26000000e-03
  8.39000000e+03  4.20000000e-03
  8.39100000e+03  4.14000000e-03
  8.39200000e+03  4.08000000e-03
  8.39300000e+03  4.02000000e-03
  8.39400000e+03  3.96000000e-03
  8.39500000e+03  3.90000000e-03
  8.39600000e+03  3.84000000e-03
  8.39700000e+03  3.78000000e-03
  8.39800000e+03  3.72000000e-03
  8.39900000e+03  3.66000000e-03
  8.40000000e+03  3.60000000e-03
  8.40100000e+03  3.54000000e-03
  8.40200000e+03  3.48000000e-03
  8.40300000e+03  3.42000000e-03
  8.40400000e+03  3.36000000e-03
  8.40500000e+03  3.30000000e-03
  8.40600000e+03  3.24800000e-03
  8.40700000e+03  3.19600000e-03
  8.40800000e+03  3.14400000e-03
  8.40900000e+03  3.09200000e-03
  8.41000000e+03  3.04000000e-03
  8.41100000e+03  2.98800000e-03
  8.41200000e+03  2.93600000e-03
  8.41300000e+03  2.88400000e-03
  8.41400000e+03  2.83200000e-03
  8.41500000e+03  2.78000000e-03
  8.41600000e+03  2.72800000e-03
  8.41700000e+03  2.67600000e-03
  8.41800000e+03  2.62400000e-03
  8.41900000e+03  2.57200000e-03
  8.42000000e+03  2.52000000e-03
  8.42100000e+03  2.46800000e-03
  8.42200000e+03  2.41600000e-03
  8.42300000e+03  2.36400000e-03
  8.42400000e+03  2.31200000e-03
  8.42500000e+03  2.26000000e-03
  8.42600000e+03  2.20800000e-03
  8.42700000e+03  2.15600000e-03
  8.42800000e+03  2.10400000e-03
  8.42900000e+03  2.05200000e-03
  8.43000000e+03  2.00000000e-03
  8.43100000e+03  1.97200000e-03
  8.43200000e+03  1.94400000e-03
  8.43300000e+03  1.91600000e-03
  8.43400000e+03  1.88800000e-03
  8.43500000e+03  1.86000000e-03
  8.43600000e+03  1.83200000e-03
  8.43700000e+03  1.80400000e-03
  8.43800000e+03  1.77600000e-03
  8.43900000e+03  1.74800000e-03
  8.44000000e+03  1.72000000e-03
  8.44100000e+03  1.69200000e-03
  8.44200000e+03  1.66400000e-03
  8.44300000e+03  1.63600000e-03
  8.44400000e+03  1.60800000e-03
  8.44500000e+03  1.58000000e-03
  8.44600000e+03  1.55200000e-03
  8.44700000e+03  1.52400000e-03
  8.44800000e+03  1.49600000e-03
  8.44900000e+03  1.46800000e-03
  8.45000000e+03  1.44000000e-03
  8.45100000e+03  1.41200000e-03
  8.45200000e+03  1.38400000e-03
  8.45300000e+03  1.35600000e-03
  8.45400000e+03  1.32800000e-03
  8.45500000e+03  1.30000000e-03
  8.45600000e+03  1.28800000e-03
  8.45700000e+03  1.27600000e-03
  8.45800000e+03  1.26400000e-03
  8.45900000e+03  1.25200000e-03
  8.46000000e+03  1.24000000e-03
  8.46100000e+03  1.22800000e-03
  8.46200000e+03  1.21600000e-03
  8.46300000e+03  1.20400000e-03
  8.46400000e+03  1.19200000e-03
  8.46500000e+03  1.18000000e-03
  8.46600000e+03  1.16800000e-03
  8.46700000e+03  1.15600000e-03
  8.46800000e+03  1.14400000e-03
  8.46900000e+03  1.13200000e-03
  8.47000000e+03  1.12000000e-03
  8.47100000e+03  1.10800000e-03
  8.47200000e+03  1.09600000e-03
  8.47300000e+03  1.08400000e-03
  8.47400000e+03  1.07200000e-03
  8.47500000e+03  1.06000000e-03
  8.47600000e+03  1.04800000e-03
  8.47700000e+03  1.03600000e-03
  8.47800000e+03  1.02400000e-03
  8.47900000e+03  1.01200000e-03
  8.48000000e+03  1.00000000e-03
  8.48100000e+03  9.96000000e-04
  8.48200000e+03  9.92000000e-04
  8.48300000e+03  9.88000000e-04
  8.48400000e+03  9.84000000e-04
  8.48500000e+03  9.80000000e-04
  8.48600000e+03  9.76000000e-04
  8.48700000e+03  9.72000000e-04
  8.48800000e+03  9.68000000e-04
  8.48900000e+03  9.64000000e-04
  8.49000000e+03  9.60000000e-04
  8.49100000e+03  9.56000000e-04
  8.49200000e+03  9.52000000e-04
  8.49300000e+03  9.48000000e-04
  8.49400000e+03  9.44000000e-04
  8.49500000e+03  9.40000000e-04
  8.49600000e+03  9.36000000e-04
  8.49700000e+03  9.32000000e-04
  8.49800000e+03  9.28000000e-04
  8.49900000e+03  9.24000000e-04
  8.50000000e+03  9.20000000e-04
  8.50100000e+03  9.16000000e-04
  8.50200000e+03  9.12000000e-04
  8.50300000e+03  9.08000000e-04
  8.50400000e+03  9.04000000e-04
  8.50500000e+03  9.00000000e-04
  8.50600000e+03  9.00000000e-04
  8.50700000e+03  9.00000000e-04
  8.50800000e+03  9.00000000e-04
  8.50900000e+03  9.00000000e-04
  8.51000000e+03  9.00000000e-04
  8.51100000e+03  9.00000000e-04
  8.51200000e+03  9.00000000e-04
  8.51300000e+03  9.00000000e-04
  8.51400000e+03  9.00000000e-04
  8.51500000e+03  9.00000000e-04
  8.51600000e+03  9.00000000e-04
  8.51700000e+03  9.00000000e-04
  8.51800000e+03  9.00000000e-04
  8.51900000e+03  9.00000000e-04
  8.52000000e+03  9.00000000e-04
  8.52100000e+03  9.00000000e-04
  8.52200000e+03  9.00000000e-04
  8.52300000e+03  9.00000000e-04
  8.52400000e+03  9.00000000e-04
  8.52500000e+03  9.00000000e-04
  8.52600000e+03  9.00000000e-04
  8.52700000e+03  9.00000000e-04
  8.52800000e+03  9.00000000e-04
  8.52900000e+03  9.00000000e-04
  8.53000000e+03  9.00000000e-04
  8.53100000e+03  8.96000000e-04
  8.53200000e+03  8.92000000e-04
  8.53300000e+03  8.88000000e-04
  8.53400000e+03  8.84000000e-04
  8.53500000e+03  8.80000000e-04
  8.53600000e+03  8.76000000e-04
  8.53700000e+03  8.72000000e-04
  8.53800000e+03  8.68000000e-04
  8.53900000e+03  8.64000000e-04
  8.54000000e+03  8.60000000e-04
  8.54100000e+03  8.56000000e-04
  8.54200000e+03  8.52000000e-04
  8.54300000e+03  8.48000000e-04
  8.54400000e+03  8.44000000e-04
  8.54500000e+03  8.40000000e-04
  8.54600000e+03  8.36000000e-04
  8.54700000e+03  8.32000000e-04
  8.54800000e+03  8.28000000e-04
  8.54900000e+03  8.24000000e-04
  8.55000000e+03  8.20000000e-04
  8.55100000e+03  8.16000000e-04
  8.55200000e+03  8.12000000e-04
  8.55300000e+03  8.08000000e-04
  8.55400000e+03  8.04000000e-04
  8.55500000e+03  8.00000000e-04
  8.55600000e+03  7.88000000e-04
  8.55700000e+03  7.76000000e-04
  8.55800000e+03  7.64000000e-04
  8.55900000e+03  7.52000000e-04
  8.56000000e+03  7.40000000e-04
  8.56100000e+03  7.28000000e-04
  8.56200000e+03  7.16000000e-04
  8.56300000e+03  7.04000000e-04
  8.56400000e+03  6.92000000e-04
  8.56500000e+03  6.80000000e-04
  8.56600000e+03  6.68000000e-04
  8.56700000e+03  6.56000000e-04
  8.56800000e+03  6.44000000e-04
  8.56900000e+03  6.32000000e-04
  8.57000000e+03  6.20000000e-04
  8.57100000e+03  6.08000000e-04
  8.57200000e+03  5.96000000e-04
  8.57300000e+03  5.84000000e-04
  8.57400000e+03  5.72000000e-04
  8.57500000e+03  5.60000000e-04
  8.57600000e+03  5.48000000e-04
  8.57700000e+03  5.36000000e-04
  8.57800000e+03  5.24000000e-04
  8.57900000e+03  5.12000000e-04
  8.58000000e+03  5.00000000e-04
  8.58100000e+03  4.88000000e-04
  8.58200000e+03  4.76000000e-04
  8.58300000e+03  4.64000000e-04
  8.58400000e+03  4.52000000e-04
  8.58500000e+03  4.40000000e-04
  8.58600000e+03  4.28000000e-04
  8.58700000e+03  4.16000000e-04
  8.58800000e+03  4.04000000e-04
  8.58900000e+03  3.92000000e-04
  8.59000000e+03  3.80000000e-04
  8.59100000e+03  3.68000000e-04
  8.59200000e+03  3.56000000e-04
  8.59300000e+03  3.44000000e-04
  8.59400000e+03  3.32000000e-04
  8.59500000e+03  3.20000000e-04
  8.59600000e+03  3.08000000e-04
  8.59700000e+03  2.96000000e-04
  8.59800000e+03  2.84000000e-04
  8.59900000e+03  2.72000000e-04
  8.60000000e+03  2.60000000e-04
  8.60100000e+03  2.48000000e-04
  8.60200000e+03  2.36000000e-04
  8.60300000e+03  2.24000000e-04
  8.60400000e+03  2.12000000e-04
  8.60600000e+03  1.92000000e-04
  8.60700000e+03  1.84000000e-04
  8.60800000e+03  1.76000000e-04
  8.60900000e+03  1.68000000e-04
  8.61000000e+03  1.60000000e-04
  8.61100000e+03  1.52000000e-04
  8.61200000e+03  1.44000000e-04
  8.61300000e+03  1.36000000e-04
  8.61400000e+03  1.28000000e-04
  8.61500000e+03  1.20000000e-04
  8.61600000e+03  1.12000000e-04
  8.61700000e+03  1.04000000e-04
  8.61800000e+03  9.60000000e-05
  8.61900000e+03  8.80000000e-05
  8.62000000e+03  8.00000000e-05
  8.62100000e+03  7.20000000e-05
  8.62200000e+03  6.40000000e-05
  8.62300000e+03  5.60000000e-05
  8.62400000e+03  4.80000000e-05
  8.62500000e+03  4.00000000e-05
  8.62600000e+03  3.20000000e-05
  8.62700000e+03  2.40000000e-05
  8.62800000e+03  1.60000000e-05
  8.62900000e+03  8.00000000e-06
  8.63000000e+03  0.00000000e+00
