  5.38000000e+03  0.00000000e+00
  5.38100000e+03  5.60000000e-05
  5.38200000e+03  1.12000000e-04
  5.38300000e+03  1.68000000e-04
  5.38400000e+03  2.24000000e-04
  5.38500000e+03  2.80000000e-04
  5.38600000e+03  3.36000000e-04
  5.38700000e+03  3.92000000e-04
  5.38800000e+03  4.48000000e-04
  5.38900000e+03  5.04000000e-04
  5.39000000e+03  5.60000000e-04
  5.39100000e+03  6.16000000e-04
  5.39200000e+03  6.72000000e-04
  5.39300000e+03  7.28000000e-04
  5.39400000e+03  7.84000000e-04
  5.39500000e+03  8.40000000e-04
  5.39600000e+03  8.96000000e-04
  5.39700000e+03  9.52000000e-04
  5.39800000e+03  1.00800000e-03
  5.39900000e+03  1.06400000e-03
  5.40000000e+03  1.12000000e-03
  5.40100000e+03  1.17600000e-03
  5.40200000e+03  1.23200000e-03
  5.40300000e+03  1.28800000e-03
  5.40400000e+03  1.34400000e-03
  5.40500000e+03  1.40000000e-03
  5.40600000e+03  1.74000000e-03
  5.40700000e+03  2.08000000e-03
  5.40800000e+03  2.42000000e-03
  5.40900000e+03  2.76000000e-03
  5.41000000e+03  3.10000000e-03
  5.41100000e+03  3.44000000e-03
  5.41200000e+03  3.78000000e-03
  5.41300000e+03  4.12000000e-03
  5.41400000e+03  4.46000000e-03
  5.41500000e+03  4.80000000e-03
  5.41600000e+03  5.14000000e-03
  5.41700000e+03  5.48000000e-03
  5.41800000e+03  5.82000000e-03
  5.41900000e+03  6.16000000e-03
  5.42000000e+03  6.50000000e-03
  5.42100000e+03  6.84000000e-03
  5.42200000e+03  7.18000000e-03
  5.42300000e+03  7.52000000e-03
  5.42400000e+03  7.86000000e-03
  5.42500000e+03  8.20000000e-03
  5.42600000e+03  8.54000000e-03
  5.42700000e+03  8.88000000e-03
  5.42800000e+03  9.22000000e-03
  5.42900000e+03  9.56000000e-03
  5.43000000e+03  9.90000000e-03
  5.43100000e+03  1.05400000e-02
  5.43200000e+03  1.11800000e-02
  5.43300000e+03  1.18200000e-02
  5.43400000e+03  1.24600000e-02
  5.43500000e+03  1.31000000e-02
  5.43600000e+03  1.37400000e-02
  5.43700000e+03  1.43800000e-02
  5.43800000e+03  1.50200000e-02
  5.43900000e+03  1.56600000e-02
  5.44000000e+03  1.63000000e-02
  5.44100000e+03  1.69400000e-02
  5.44200000e+03  1.75800000e-02
  5.44300000e+03  1.82200000e-02
  5.44400000e+03  1.88600000e-02
  5.44500000e+03  1.95000000e-02
  5.44600000e+03  2.01400000e-02
  5.44700000e+03  2.07800000e-02
  5.44800000e+03  2.14200000e-02
  5.44900000e+03  2.20600000e-02
  5.45000000e+03  2.27000000e-02
  5.45100000e+03  2.33400000e-02
  5.45200000e+03  2.39800000e-02
  5.45300000e+03  2.46200000e-02
  5.45400000e+03  2.52600000e-02
  5.45500000e+03  2.59000000e-02
  5.45600000e+03  2.68520000e-02
  5.45700000e+03  2.78040000e-02
  5.45800000e+03  2.87560000e-02
  5.45900000e+03  2.97080000e-02
  5.46000000e+03  3.06600000e-02
  5.46100000e+03  3.16120000e-02
  5.46200000e+03  3.25640000e-02
  5.46300000e+03  3.35160000e-02
  5.46400000e+03  3.44680000e-02
  5.46500000e+03  3.54200000e-02
  5.46600000e+03  3.63720000e-02
  5.46700000e+03  3.73240000e-02
  5.46800000e+03  3.82760000e-02
  5.46900000e+03  3.92280000e-02
  5.47000000e+03  4.01800000e-02
  5.47100000e+03  4.11320000e-02
  5.47200000e+03  4.20840000e-02
  5.47300000e+03  4.30360000e-02
  5.47400000e+03  4.39880000e-02
  5.47500000e+03  4.49400000e-02
  5.47600000e+03  4.58920000e-02
  5.47700000e+03  4.68440000e-02
  5.47800000e+03  4.77960000e-02
  5.47900000e+03  4.87480000e-02
  5.48000000e+03  4.97000000e-02
  5.48100000e+03  5.09400000e-02
  5.48200000e+03  5.21800000e-02
  5.48300000e+03  5.34200000e-02
  5.48400000e+03  5.46600000e-02
  5.48500000e+03  5.59000000e-02
  5.48600000e+03  5.71400000e-02
  5.48700000e+03  5.83800000e-02
  5.48800000e+03  5.96200000e-02
  5.48900000e+03  6.08600000e-02
  5.49000000e+03  6.21000000e-02
  5.49100000e+03  6.33400000e-02
  5.49200000e+03  6.45800000e-02
  5.49300000e+03  6.58200000e-02
  5.49400000e+03  6.70600000e-02
  5.49500000e+03  6.83000000e-02
  5.49600000e+03  6.95400000e-02
  5.49700000e+03  7.07800000e-02
  5.49800000e+03  7.20200000e-02
  5.49900000e+03  7.32600000e-02
  5.50000000e+03  7.45000000e-02
  5.50100000e+03  7.57400000e-02
  5.50200000e+03  7.69800000e-02
  5.50300000e+03  7.82200000e-02
  5.50400000e+03  7.94600000e-02
  5.50500000e+03  8.07000000e-02
  5.50600000e+03  8.22160000e-02
  5.50700000e+03  8.37320000e-02
  5.50800000e+03  8.52480000e-02
  5.50900000e+03  8.67640000e-02
  5.51000000e+03  8.82800000e-02
  5.51100000e+03  8.97960000e-02
  5.51200000e+03  9.13120000e-02
  5.51300000e+03  9.28280000e-02
  5.51400000e+03  9.43440000e-02
  5.51500000e+03  9.58600000e-02
  5.51600000e+03  9.73760000e-02
  5.51700000e+03  9.88920000e-02
  5.51800000e+03  1.00408000e-01
  5.51900000e+03  1.01924000e-01
  5.52000000e+03  1.03440000e-01
  5.52100000e+03  1.04956000e-01
  5.52200000e+03  1.06472000e-01
  5.52300000e+03  1.07988000e-01
  5.52400000e+03  1.09504000e-01
  5.52500000e+03  1.11020000e-01
  5.52600000e+03  1.12536000e-01
  5.52700000e+03  1.14052000e-01
  5.52800000e+03  1.15568000e-01
  5.52900000e+03  1.17084000e-01
  5.53000000e+03  1.18600000e-01
  5.53100000e+03  1.20356000e-01
  5.53200000e+03  1.22112000e-01
  5.53300000e+03  1.23868000e-01
  5.53400000e+03  1.25624000e-01
  5.53500000e+03  1.27380000e-01
  5.53600000e+03  1.29136000e-01
  5.53700000e+03  1.30892000e-01
  5.53800000e+03  1.32648000e-01
  5.53900000e+03  1.34404000e-01
  5.54000000e+03  1.36160000e-01
  5.54100000e+03  1.37916000e-01
  5.54200000e+03  1.39672000e-01
  5.54300000e+03  1.41428000e-01
  5.54400000e+03  1.43184000e-01
  5.54500000e+03  1.44940000e-01
  5.54600000e+03  1.46696000e-01
  5.54700000e+03  1.48452000e-01
  5.54800000e+03  1.50208000e-01
  5.54900000e+03  1.51964000e-01
  5.55000000e+03  1.53720000e-01
  5.55100000e+03  1.55476000e-01
  5.55200000e+03  1.57232000e-01
  5.55300000e+03  1.58988000e-01
  5.55400000e+03  1.60744000e-01
  5.55500000e+03  1.62500000e-01
  5.55600000e+03  1.64372000e-01
  5.55700000e+03  1.66244000e-01
  5.55800000e+03  1.68116000e-01
  5.55900000e+03  1.69988000e-01
  5.56000000e+03  1.71860000e-01
  5.56100000e+03  1.73732000e-01
  5.56200000e+03  1.75604000e-01
  5.56300000e+03  1.77476000e-01
  5.56400000e+03  1.79348000e-01
  5.56500000e+03  1.81220000e-01
  5.56600000e+03  1.83092000e-01
  5.56700000e+03  1.84964000e-01
  5.56800000e+03  1.86836000e-01
  5.56900000e+03  1.88708000e-01
  5.57000000e+03  1.90580000e-01
  5.57100000e+03  1.92452000e-01
  5.57200000e+03  1.94324000e-01
  5.57300000e+03  1.96196000e-01
  5.57400000e+03  1.98068000e-01
  5.57500000e+03  1.99940000e-01
  5.57600000e+03  2.01812000e-01
  5.57700000e+03  2.03684000e-01
  5.57800000e+03  2.05556000e-01
  5.57900000e+03  2.07428000e-01
  5.58000000e+03  2.09300000e-01
  5.58100000e+03  2.11148000e-01
  5.58200000e+03  2.12996000e-01
  5.58300000e+03  2.14844000e-01
  5.58400000e+03  2.16692000e-01
  5.58500000e+03  2.18540000e-01
  5.58600000e+03  2.20388000e-01
  5.58700000e+03  2.22236000e-01
  5.58800000e+03  2.24084000e-01
  5.58900000e+03  2.25932000e-01
  5.59000000e+03  2.27780000e-01
  5.59100000e+03  2.29628000e-01
  5.59200000e+03  2.31476000e-01
  5.59300000e+03  2.33324000e-01
  5.59400000e+03  2.35172000e-01
  5.59500000e+03  2.37020000e-01
  5.59600000e+03  2.38868000e-01
  5.59700000e+03  2.40716000e-01
  5.59800000e+03  2.42564000e-01
  5.59900000e+03  2.44412000e-01
  5.60000000e+03  2.46260000e-01
  5.60100000e+03  2.48108000e-01
  5.60200000e+03  2.49956000e-01
  5.60300000e+03  2.51804000e-01
  5.60400000e+03  2.53652000e-01
  5.60500000e+03  2.55500000e-01
  5.60600000e+03  2.57180000e-01
  5.60700000e+03  2.58860000e-01
  5.60800000e+03  2.60540000e-01
  5.60900000e+03  2.62220000e-01
  5.61000000e+03  2.63900000e-01
  5.61100000e+03  2.65580000e-01
  5.61200000e+03  2.67260000e-01
  5.61300000e+03  2.68940000e-01
  5.61400000e+03  2.70620000e-01
  5.61500000e+03  2.72300000e-01
  5.61600000e+03  2.73980000e-01
  5.61700000e+03  2.75660000e-01
  5.61800000e+03  2.77340000e-01
  5.61900000e+03  2.79020000e-01
  5.62000000e+03  2.80700000e-01
  5.62100000e+03  2.82380000e-01
  5.62200000e+03  2.84060000e-01
  5.62300000e+03  2.85740000e-01
  5.62400000e+03  2.87420000e-01
  5.62500000e+03  2.89100000e-01
  5.62600000e+03  2.90780000e-01
  5.62700000e+03  2.92460000e-01
  5.62800000e+03  2.94140000e-01
  5.62900000e+03  2.95820000e-01
  5.63000000e+03  2.97500000e-01
  5.63100000e+03  2.98904000e-01
  5.63200000e+03  3.00308000e-01
  5.63300000e+03  3.01712000e-01
  5.63400000e+03  3.03116000e-01
  5.63500000e+03  3.04520000e-01
  5.63600000e+03  3.05924000e-01
  5.63700000e+03  3.07328000e-01
  5.63800000e+03  3.08732000e-01
  5.63900000e+03  3.10136000e-01
  5.64000000e+03  3.11540000e-01
  5.64100000e+03  3.12944000e-01
  5.64200000e+03  3.14348000e-01
  5.64300000e+03  3.15752000e-01
  5.64400000e+03  3.17156000e-01
  5.64500000e+03  3.18560000e-01
  5.64600000e+03  3.19964000e-01
  5.64700000e+03  3.21368000e-01
  5.64800000e+03  3.22772000e-01
  5.64900000e+03  3.24176000e-01
  5.65000000e+03  3.25580000e-01
  5.65100000e+03  3.26984000e-01
  5.65200000e+03  3.28388000e-01
  5.65300000e+03  3.29792000e-01
  5.65400000e+03  3.31196000e-01
  5.65500000e+03  3.32600000e-01
  5.65600000e+03  3.33732000e-01
  5.65700000e+03  3.34864000e-01
  5.65800000e+03  3.35996000e-01
  5.65900000e+03  3.37128000e-01
  5.66000000e+03  3.38260000e-01
  5.66100000e+03  3.39392000e-01
  5.66200000e+03  3.40524000e-01
  5.66300000e+03  3.41656000e-01
  5.66400000e+03  3.42788000e-01
  5.66500000e+03  3.43920000e-01
  5.66600000e+03  3.45052000e-01
  5.66700000e+03  3.46184000e-01
  5.66800000e+03  3.47316000e-01
  5.66900000e+03  3.48448000e-01
  5.67000000e+03  3.49580000e-01
  5.67100000e+03  3.50712000e-01
  5.67200000e+03  3.51844000e-01
  5.67300000e+03  3.52976000e-01
  5.67400000e+03  3.54108000e-01
  5.67500000e+03  3.55240000e-01
  5.67600000e+03  3.56372000e-01
  5.67700000e+03  3.57504000e-01
  5.67800000e+03  3.58636000e-01
  5.67900000e+03  3.59768000e-01
  5.68000000e+03  3.60900000e-01
  5.68100000e+03  3.61800000e-01
  5.68200000e+03  3.62700000e-01
  5.68300000e+03  3.63600000e-01
  5.68400000e+03  3.64500000e-01
  5.68500000e+03  3.65400000e-01
  5.68600000e+03  3.66300000e-01
  5.68700000e+03  3.67200000e-01
  5.68800000e+03  3.68100000e-01
  5.68900000e+03  3.69000000e-01
  5.69000000e+03  3.69900000e-01
  5.69100000e+03  3.70800000e-01
  5.69200000e+03  3.71700000e-01
  5.69300000e+03  3.72600000e-01
  5.69400000e+03  3.73500000e-01
  5.69500000e+03  3.74400000e-01
  5.69600000e+03  3.75300000e-01
  5.69700000e+03  3.76200000e-01
  5.69800000e+03  3.77100000e-01
  5.69900000e+03  3.78000000e-01
  5.70000000e+03  3.78900000e-01
  5.70100000e+03  3.79800000e-01
  5.70200000e+03  3.80700000e-01
  5.70300000e+03  3.81600000e-01
  5.70400000e+03  3.82500000e-01
  5.70500000e+03  3.83400000e-01
  5.70600000e+03  3.84104000e-01
  5.70700000e+03  3.84808000e-01
  5.70800000e+03  3.85512000e-01
  5.70900000e+03  3.86216000e-01
  5.71000000e+03  3.86920000e-01
  5.71100000e+03  3.87624000e-01
  5.71200000e+03  3.88328000e-01
  5.71300000e+03  3.89032000e-01
  5.71400000e+03  3.89736000e-01
  5.71500000e+03  3.90440000e-01
  5.71600000e+03  3.91144000e-01
  5.71700000e+03  3.91848000e-01
  5.71800000e+03  3.92552000e-01
  5.71900000e+03  3.93256000e-01
  5.72000000e+03  3.93960000e-01
  5.72100000e+03  3.94664000e-01
  5.72200000e+03  3.95368000e-01
  5.72300000e+03  3.96072000e-01
  5.72400000e+03  3.96776000e-01
  5.72500000e+03  3.97480000e-01
  5.72600000e+03  3.98184000e-01
  5.72700000e+03  3.98888000e-01
  5.72800000e+03  3.99592000e-01
  5.72900000e+03  4.00296000e-01
  5.73000000e+03  4.01000000e-01
  5.73100000e+03  4.01548000e-01
  5.73200000e+03  4.02096000e-01
  5.73300000e+03  4.02644000e-01
  5.73400000e+03  4.03192000e-01
  5.73500000e+03  4.03740000e-01
  5.73600000e+03  4.04288000e-01
  5.73700000e+03  4.04836000e-01
  5.73800000e+03  4.05384000e-01
  5.73900000e+03  4.05932000e-01
  5.74000000e+03  4.06480000e-01
  5.74100000e+03  4.07028000e-01
  5.74200000e+03  4.07576000e-01
  5.74300000e+03  4.08124000e-01
  5.74400000e+03  4.08672000e-01
  5.74500000e+03  4.09220000e-01
  5.74600000e+03  4.09768000e-01
  5.74700000e+03  4.10316000e-01
  5.74800000e+03  4.10864000e-01
  5.74900000e+03  4.11412000e-01
  5.75000000e+03  4.11960000e-01
  5.75100000e+03  4.12508000e-01
  5.75200000e+03  4.13056000e-01
  5.75300000e+03  4.13604000e-01
  5.75400000e+03  4.14152000e-01
  5.75500000e+03  4.14700000e-01
  5.75600000e+03  4.15124000e-01
  5.75700000e+03  4.15548000e-01
  5.75800000e+03  4.15972000e-01
  5.75900000e+03  4.16396000e-01
  5.76000000e+03  4.16820000e-01
  5.76100000e+03  4.17244000e-01
  5.76200000e+03  4.17668000e-01
  5.76300000e+03  4.18092000e-01
  5.76400000e+03  4.18516000e-01
  5.76500000e+03  4.18940000e-01
  5.76600000e+03  4.19364000e-01
  5.76700000e+03  4.19788000e-01
  5.76800000e+03  4.20212000e-01
  5.76900000e+03  4.20636000e-01
  5.77000000e+03  4.21060000e-01
  5.77100000e+03  4.21484000e-01
  5.77200000e+03  4.21908000e-01
  5.77300000e+03  4.22332000e-01
  5.77400000e+03  4.22756000e-01
  5.77500000e+03  4.23180000e-01
  5.77600000e+03  4.23604000e-01
  5.77700000e+03  4.24028000e-01
  5.77800000e+03  4.24452000e-01
  5.77900000e+03  4.24876000e-01
  5.78000000e+03  4.25300000e-01
  5.78100000e+03  4.25620000e-01
  5.78200000e+03  4.25940000e-01
  5.78300000e+03  4.26260000e-01
  5.78400000e+03  4.26580000e-01
  5.78500000e+03  4.26900000e-01
  5.78600000e+03  4.27220000e-01
  5.78700000e+03  4.27540000e-01
  5.78800000e+03  4.27860000e-01
  5.78900000e+03  4.28180000e-01
  5.79000000e+03  4.28500000e-01
  5.79100000e+03  4.28820000e-01
  5.79200000e+03  4.29140000e-01
  5.79300000e+03  4.29460000e-01
  5.79400000e+03  4.29780000e-01
  5.79500000e+03  4.30100000e-01
  5.79600000e+03  4.30420000e-01
  5.79700000e+03  4.30740000e-01
  5.79800000e+03  4.31060000e-01
  5.79900000e+03  4.31380000e-01
  5.80000000e+03  4.31700000e-01
  5.80100000e+03  4.32020000e-01
  5.80200000e+03  4.32340000e-01
  5.80300000e+03  4.32660000e-01
  5.80400000e+03  4.32980000e-01
  5.80500000e+03  4.33300000e-01
  5.80600000e+03  4.33548000e-01
  5.80700000e+03  4.33796000e-01
  5.80800000e+03  4.34044000e-01
  5.80900000e+03  4.34292000e-01
  5.81000000e+03  4.34540000e-01
  5.81100000e+03  4.34788000e-01
  5.81200000e+03  4.35036000e-01
  5.81300000e+03  4.35284000e-01
  5.81400000e+03  4.35532000e-01
  5.81500000e+03  4.35780000e-01
  5.81600000e+03  4.36028000e-01
  5.81700000e+03  4.36276000e-01
  5.81800000e+03  4.36524000e-01
  5.81900000e+03  4.36772000e-01
  5.82000000e+03  4.37020000e-01
  5.82100000e+03  4.37268000e-01
  5.82200000e+03  4.37516000e-01
  5.82300000e+03  4.37764000e-01
  5.82400000e+03  4.38012000e-01
  5.82500000e+03  4.38260000e-01
  5.82600000e+03  4.38508000e-01
  5.82700000e+03  4.38756000e-01
  5.82800000e+03  4.39004000e-01
  5.82900000e+03  4.39252000e-01
  5.83000000e+03  4.39500000e-01
  5.83100000e+03  4.39704000e-01
  5.83200000e+03  4.39908000e-01
  5.83300000e+03  4.40112000e-01
  5.83400000e+03  4.40316000e-01
  5.83500000e+03  4.40520000e-01
  5.83600000e+03  4.40724000e-01
  5.83700000e+03  4.40928000e-01
  5.83800000e+03  4.41132000e-01
  5.83900000e+03  4.41336000e-01
  5.84000000e+03  4.41540000e-01
  5.84100000e+03  4.41744000e-01
  5.84200000e+03  4.41948000e-01
  5.84300000e+03  4.42152000e-01
  5.84400000e+03  4.42356000e-01
  5.84500000e+03  4.42560000e-01
  5.84600000e+03  4.42764000e-01
  5.84700000e+03  4.42968000e-01
  5.84800000e+03  4.43172000e-01
  5.84900000e+03  4.43376000e-01
  5.85000000e+03  4.43580000e-01
  5.85100000e+03  4.43784000e-01
  5.85200000e+03  4.43988000e-01
  5.85300000e+03  4.44192000e-01
  5.85400000e+03  4.44396000e-01
  5.85500000e+03  4.44600000e-01
  5.85600000e+03  4.44772000e-01
  5.85700000e+03  4.44944000e-01
  5.85800000e+03  4.45116000e-01
  5.85900000e+03  4.45288000e-01
  5.86000000e+03  4.45460000e-01
  5.86100000e+03  4.45632000e-01
  5.86200000e+03  4.45804000e-01
  5.86300000e+03  4.45976000e-01
  5.86400000e+03  4.46148000e-01
  5.86500000e+03  4.46320000e-01
  5.86600000e+03  4.46492000e-01
  5.86700000e+03  4.46664000e-01
  5.86800000e+03  4.46836000e-01
  5.86900000e+03  4.47008000e-01
  5.87000000e+03  4.47180000e-01
  5.87100000e+03  4.47352000e-01
  5.87200000e+03  4.47524000e-01
  5.87300000e+03  4.47696000e-01
  5.87400000e+03  4.47868000e-01
  5.87500000e+03  4.48040000e-01
  5.87600000e+03  4.48212000e-01
  5.87700000e+03  4.48384000e-01
  5.87800000e+03  4.48556000e-01
  5.87900000e+03  4.48728000e-01
  5.88000000e+03  4.48900000e-01
  5.88100000e+03  4.49052000e-01
  5.88200000e+03  4.49204000e-01
  5.88300000e+03  4.49356000e-01
  5.88400000e+03  4.49508000e-01
  5.88500000e+03  4.49660000e-01
  5.88600000e+03  4.49812000e-01
  5.88700000e+03  4.49964000e-01
  5.88800000e+03  4.50116000e-01
  5.88900000e+03  4.50268000e-01
  5.89000000e+03  4.50420000e-01
  5.89100000e+03  4.50572000e-01
  5.89200000e+03  4.50724000e-01
  5.89300000e+03  4.50876000e-01
  5.89400000e+03  4.51028000e-01
  5.89500000e+03  4.51180000e-01
  5.89600000e+03  4.51332000e-01
  5.89700000e+03  4.51484000e-01
  5.89800000e+03  4.51636000e-01
  5.89900000e+03  4.51788000e-01
  5.90000000e+03  4.51940000e-01
  5.90100000e+03  4.52092000e-01
  5.90200000e+03  4.52244000e-01
  5.90300000e+03  4.52396000e-01
  5.90400000e+03  4.52548000e-01
  5.90500000e+03  4.52700000e-01
  5.90600000e+03  4.52844000e-01
  5.90700000e+03  4.52988000e-01
  5.90800000e+03  4.53132000e-01
  5.90900000e+03  4.53276000e-01
  5.91000000e+03  4.53420000e-01
  5.91100000e+03  4.53564000e-01
  5.91200000e+03  4.53708000e-01
  5.91300000e+03  4.53852000e-01
  5.91400000e+03  4.53996000e-01
  5.91500000e+03  4.54140000e-01
  5.91600000e+03  4.54284000e-01
  5.91700000e+03  4.54428000e-01
  5.91800000e+03  4.54572000e-01
  5.91900000e+03  4.54716000e-01
  5.92000000e+03  4.54860000e-01
  5.92100000e+03  4.55004000e-01
  5.92200000e+03  4.55148000e-01
  5.92300000e+03  4.55292000e-01
  5.92400000e+03  4.55436000e-01
  5.92500000e+03  4.55580000e-01
  5.92600000e+03  4.55724000e-01
  5.92700000e+03  4.55868000e-01
  5.92800000e+03  4.56012000e-01
  5.92900000e+03  4.56156000e-01
  5.93000000e+03  4.56300000e-01
  5.93100000e+03  4.56444000e-01
  5.93200000e+03  4.56588000e-01
  5.93300000e+03  4.56732000e-01
  5.93400000e+03  4.56876000e-01
  5.93500000e+03  4.57020000e-01
  5.93600000e+03  4.57164000e-01
  5.93700000e+03  4.57308000e-01
  5.93800000e+03  4.57452000e-01
  5.93900000e+03  4.57596000e-01
  5.94000000e+03  4.57740000e-01
  5.94100000e+03  4.57884000e-01
  5.94200000e+03  4.58028000e-01
  5.94300000e+03  4.58172000e-01
  5.94400000e+03  4.58316000e-01
  5.94500000e+03  4.58460000e-01
  5.94600000e+03  4.58604000e-01
  5.94700000e+03  4.58748000e-01
  5.94800000e+03  4.58892000e-01
  5.94900000e+03  4.59036000e-01
  5.95000000e+03  4.59180000e-01
  5.95100000e+03  4.59324000e-01
  5.95200000e+03  4.59468000e-01
  5.95300000e+03  4.59612000e-01
  5.95400000e+03  4.59756000e-01
  5.95500000e+03  4.59900000e-01
  5.95600000e+03  4.60040000e-01
  5.95700000e+03  4.60180000e-01
  5.95800000e+03  4.60320000e-01
  5.95900000e+03  4.60460000e-01
  5.96000000e+03  4.60600000e-01
  5.96100000e+03  4.60740000e-01
  5.96200000e+03  4.60880000e-01
  5.96300000e+03  4.61020000e-01
  5.96400000e+03  4.61160000e-01
  5.96500000e+03  4.61300000e-01
  5.96600000e+03  4.61440000e-01
  5.96700000e+03  4.61580000e-01
  5.96800000e+03  4.61720000e-01
  5.96900000e+03  4.61860000e-01
  5.97000000e+03  4.62000000e-01
  5.97100000e+03  4.62140000e-01
  5.97200000e+03  4.62280000e-01
  5.97300000e+03  4.62420000e-01
  5.97400000e+03  4.62560000e-01
  5.97500000e+03  4.62700000e-01
  5.97600000e+03  4.62840000e-01
  5.97700000e+03  4.62980000e-01
  5.97800000e+03  4.63120000e-01
  5.97900000e+03  4.63260000e-01
  5.98000000e+03  4.63400000e-01
  5.98100000e+03  4.63524000e-01
  5.98200000e+03  4.63648000e-01
  5.98300000e+03  4.63772000e-01
  5.98400000e+03  4.63896000e-01
  5.98500000e+03  4.64020000e-01
  5.98600000e+03  4.64144000e-01
  5.98700000e+03  4.64268000e-01
  5.98800000e+03  4.64392000e-01
  5.98900000e+03  4.64516000e-01
  5.99000000e+03  4.64640000e-01
  5.99100000e+03  4.64764000e-01
  5.99200000e+03  4.64888000e-01
  5.99300000e+03  4.65012000e-01
  5.99400000e+03  4.65136000e-01
  5.99500000e+03  4.65260000e-01
  5.99600000e+03  4.65384000e-01
  5.99700000e+03  4.65508000e-01
  5.99800000e+03  4.65632000e-01
  5.99900000e+03  4.65756000e-01
  6.00000000e+03  4.65880000e-01
  6.00100000e+03  4.66004000e-01
  6.00200000e+03  4.66128000e-01
  6.00300000e+03  4.66252000e-01
  6.00400000e+03  4.66376000e-01
  6.00500000e+03  4.66500000e-01
  6.00600000e+03  4.66596000e-01
  6.00700000e+03  4.66692000e-01
  6.00800000e+03  4.66788000e-01
  6.00900000e+03  4.66884000e-01
  6.01000000e+03  4.66980000e-01
  6.01100000e+03  4.67076000e-01
  6.01200000e+03  4.67172000e-01
  6.01300000e+03  4.67268000e-01
  6.01400000e+03  4.67364000e-01
  6.01500000e+03  4.67460000e-01
  6.01600000e+03  4.67556000e-01
  6.01700000e+03  4.67652000e-01
  6.01800000e+03  4.67748000e-01
  6.01900000e+03  4.67844000e-01
  6.02000000e+03  4.67940000e-01
  6.02100000e+03  4.68036000e-01
  6.02200000e+03  4.68132000e-01
  6.02300000e+03  4.68228000e-01
  6.02400000e+03  4.68324000e-01
  6.02500000e+03  4.68420000e-01
  6.02600000e+03  4.68516000e-01
  6.02700000e+03  4.68612000e-01
  6.02800000e+03  4.68708000e-01
  6.02900000e+03  4.68804000e-01
  6.03000000e+03  4.68900000e-01
  6.03100000e+03  4.68956000e-01
  6.03200000e+03  4.69012000e-01
  6.03300000e+03  4.69068000e-01
  6.03400000e+03  4.69124000e-01
  6.03500000e+03  4.69180000e-01
  6.03600000e+03  4.69236000e-01
  6.03700000e+03  4.69292000e-01
  6.03800000e+03  4.69348000e-01
  6.03900000e+03  4.69404000e-01
  6.04000000e+03  4.69460000e-01
  6.04100000e+03  4.69516000e-01
  6.04200000e+03  4.69572000e-01
  6.04300000e+03  4.69628000e-01
  6.04400000e+03  4.69684000e-01
  6.04500000e+03  4.69740000e-01
  6.04600000e+03  4.69796000e-01
  6.04700000e+03  4.69852000e-01
  6.04800000e+03  4.69908000e-01
  6.04900000e+03  4.69964000e-01
  6.05000000e+03  4.70020000e-01
  6.05100000e+03  4.70076000e-01
  6.05200000e+03  4.70132000e-01
  6.05300000e+03  4.70188000e-01
  6.05400000e+03  4.70244000e-01
  6.05500000e+03  4.70300000e-01
  6.05600000e+03  4.70332000e-01
  6.05700000e+03  4.70364000e-01
  6.05800000e+03  4.70396000e-01
  6.05900000e+03  4.70428000e-01
  6.06000000e+03  4.70460000e-01
  6.06100000e+03  4.70492000e-01
  6.06200000e+03  4.70524000e-01
  6.06300000e+03  4.70556000e-01
  6.06400000e+03  4.70588000e-01
  6.06500000e+03  4.70620000e-01
  6.06600000e+03  4.70652000e-01
  6.06700000e+03  4.70684000e-01
  6.06800000e+03  4.70716000e-01
  6.06900000e+03  4.70748000e-01
  6.07000000e+03  4.70780000e-01
  6.07100000e+03  4.70812000e-01
  6.07200000e+03  4.70844000e-01
  6.07300000e+03  4.70876000e-01
  6.07400000e+03  4.70908000e-01
  6.07500000e+03  4.70940000e-01
  6.07600000e+03  4.70972000e-01
  6.07700000e+03  4.71004000e-01
  6.07800000e+03  4.71036000e-01
  6.07900000e+03  4.71068000e-01
  6.08000000e+03  4.71100000e-01
  6.08100000e+03  4.71124000e-01
  6.08200000e+03  4.71148000e-01
  6.08300000e+03  4.71172000e-01
  6.08400000e+03  4.71196000e-01
  6.08500000e+03  4.71220000e-01
  6.08600000e+03  4.71244000e-01
  6.08700000e+03  4.71268000e-01
  6.08800000e+03  4.71292000e-01
  6.08900000e+03  4.71316000e-01
  6.09000000e+03  4.71340000e-01
  6.09100000e+03  4.71364000e-01
  6.09200000e+03  4.71388000e-01
  6.09300000e+03  4.71412000e-01
  6.09400000e+03  4.71436000e-01
  6.09500000e+03  4.71460000e-01
  6.09600000e+03  4.71484000e-01
  6.09700000e+03  4.71508000e-01
  6.09800000e+03  4.71532000e-01
  6.09900000e+03  4.71556000e-01
  6.10000000e+03  4.71580000e-01
  6.10100000e+03  4.71604000e-01
  6.10200000e+03  4.71628000e-01
  6.10300000e+03  4.71652000e-01
  6.10400000e+03  4.71676000e-01
  6.10500000e+03  4.71700000e-01
  6.10600000e+03  4.71740000e-01
  6.10700000e+03  4.71780000e-01
  6.10800000e+03  4.71820000e-01
  6.10900000e+03  4.71860000e-01
  6.11000000e+03  4.71900000e-01
  6.11100000e+03  4.71940000e-01
  6.11200000e+03  4.71980000e-01
  6.11300000e+03  4.72020000e-01
  6.11400000e+03  4.72060000e-01
  6.11500000e+03  4.72100000e-01
  6.11600000e+03  4.72140000e-01
  6.11700000e+03  4.72180000e-01
  6.11800000e+03  4.72220000e-01
  6.11900000e+03  4.72260000e-01
  6.12000000e+03  4.72300000e-01
  6.12100000e+03  4.72340000e-01
  6.12200000e+03  4.72380000e-01
  6.12300000e+03  4.72420000e-01
  6.12400000e+03  4.72460000e-01
  6.12500000e+03  4.72500000e-01
  6.12600000e+03  4.72540000e-01
  6.12700000e+03  4.72580000e-01
  6.12800000e+03  4.72620000e-01
  6.12900000e+03  4.72660000e-01
  6.13000000e+03  4.72700000e-01
  6.13100000e+03  4.72768000e-01
  6.13200000e+03  4.72836000e-01
  6.13300000e+03  4.72904000e-01
  6.13400000e+03  4.72972000e-01
  6.13500000e+03  4.73040000e-01
  6.13600000e+03  4.73108000e-01
  6.13700000e+03  4.73176000e-01
  6.13800000e+03  4.73244000e-01
  6.13900000e+03  4.73312000e-01
  6.14000000e+03  4.73380000e-01
  6.14100000e+03  4.73448000e-01
  6.14200000e+03  4.73516000e-01
  6.14300000e+03  4.73584000e-01
  6.14400000e+03  4.73652000e-01
  6.14500000e+03  4.73720000e-01
  6.14600000e+03  4.73788000e-01
  6.14700000e+03  4.73856000e-01
  6.14800000e+03  4.73924000e-01
  6.14900000e+03  4.73992000e-01
  6.15000000e+03  4.74060000e-01
  6.15100000e+03  4.74128000e-01
  6.15200000e+03  4.74196000e-01
  6.15300000e+03  4.74264000e-01
  6.15400000e+03  4.74332000e-01
  6.15500000e+03  4.74400000e-01
  6.15600000e+03  4.74492000e-01
  6.15700000e+03  4.74584000e-01
  6.15800000e+03  4.74676000e-01
  6.15900000e+03  4.74768000e-01
  6.16000000e+03  4.74860000e-01
  6.16100000e+03  4.74952000e-01
  6.16200000e+03  4.75044000e-01
  6.16300000e+03  4.75136000e-01
  6.16400000e+03  4.75228000e-01
  6.16500000e+03  4.75320000e-01
  6.16600000e+03  4.75412000e-01
  6.16700000e+03  4.75504000e-01
  6.16800000e+03  4.75596000e-01
  6.16900000e+03  4.75688000e-01
  6.17000000e+03  4.75780000e-01
  6.17100000e+03  4.75872000e-01
  6.17200000e+03  4.75964000e-01
  6.17300000e+03  4.76056000e-01
  6.17400000e+03  4.76148000e-01
  6.17500000e+03  4.76240000e-01
  6.17600000e+03  4.76332000e-01
  6.17700000e+03  4.76424000e-01
  6.17800000e+03  4.76516000e-01
  6.17900000e+03  4.76608000e-01
  6.18000000e+03  4.76700000e-01
  6.18100000e+03  4.76800000e-01
  6.18200000e+03  4.76900000e-01
  6.18300000e+03  4.77000000e-01
  6.18400000e+03  4.77100000e-01
  6.18500000e+03  4.77200000e-01
  6.18600000e+03  4.77300000e-01
  6.18700000e+03  4.77400000e-01
  6.18800000e+03  4.77500000e-01
  6.18900000e+03  4.77600000e-01
  6.19000000e+03  4.77700000e-01
  6.19100000e+03  4.77800000e-01
  6.19200000e+03  4.77900000e-01
  6.19300000e+03  4.78000000e-01
  6.19400000e+03  4.78100000e-01
  6.19500000e+03  4.78200000e-01
  6.19600000e+03  4.78300000e-01
  6.19700000e+03  4.78400000e-01
  6.19800000e+03  4.78500000e-01
  6.19900000e+03  4.78600000e-01
  6.20000000e+03  4.78700000e-01
  6.20100000e+03  4.78800000e-01
  6.20200000e+03  4.78900000e-01
  6.20300000e+03  4.79000000e-01
  6.20400000e+03  4.79100000e-01
  6.20500000e+03  4.79200000e-01
  6.20600000e+03  4.79308000e-01
  6.20700000e+03  4.79416000e-01
  6.20800000e+03  4.79524000e-01
  6.20900000e+03  4.79632000e-01
  6.21000000e+03  4.79740000e-01
  6.21100000e+03  4.79848000e-01
  6.21200000e+03  4.79956000e-01
  6.21300000e+03  4.80064000e-01
  6.21400000e+03  4.80172000e-01
  6.21500000e+03  4.80280000e-01
  6.21600000e+03  4.80388000e-01
  6.21700000e+03  4.80496000e-01
  6.21800000e+03  4.80604000e-01
  6.21900000e+03  4.80712000e-01
  6.22000000e+03  4.80820000e-01
  6.22100000e+03  4.80928000e-01
  6.22200000e+03  4.81036000e-01
  6.22300000e+03  4.81144000e-01
  6.22400000e+03  4.81252000e-01
  6.22500000e+03  4.81360000e-01
  6.22600000e+03  4.81468000e-01
  6.22700000e+03  4.81576000e-01
  6.22800000e+03  4.81684000e-01
  6.22900000e+03  4.81792000e-01
  6.23000000e+03  4.81900000e-01
  6.23100000e+03  4.82000000e-01
  6.23200000e+03  4.82100000e-01
  6.23300000e+03  4.82200000e-01
  6.23400000e+03  4.82300000e-01
  6.23500000e+03  4.82400000e-01
  6.23600000e+03  4.82500000e-01
  6.23700000e+03  4.82600000e-01
  6.23800000e+03  4.82700000e-01
  6.23900000e+03  4.82800000e-01
  6.24000000e+03  4.82900000e-01
  6.24100000e+03  4.83000000e-01
  6.24200000e+03  4.83100000e-01
  6.24300000e+03  4.83200000e-01
  6.24400000e+03  4.83300000e-01
  6.24500000e+03  4.83400000e-01
  6.24600000e+03  4.83500000e-01
  6.24700000e+03  4.83600000e-01
  6.24800000e+03  4.83700000e-01
  6.24900000e+03  4.83800000e-01
  6.25000000e+03  4.83900000e-01
  6.25100000e+03  4.84000000e-01
  6.25200000e+03  4.84100000e-01
  6.25300000e+03  4.84200000e-01
  6.25400000e+03  4.84300000e-01
  6.25500000e+03  4.84400000e-01
  6.25600000e+03  4.84492000e-01
  6.25700000e+03  4.84584000e-01
  6.25800000e+03  4.84676000e-01
  6.25900000e+03  4.84768000e-01
  6.26000000e+03  4.84860000e-01
  6.26100000e+03  4.84952000e-01
  6.26200000e+03  4.85044000e-01
  6.26300000e+03  4.85136000e-01
  6.26400000e+03  4.85228000e-01
  6.26500000e+03  4.85320000e-01
  6.26600000e+03  4.85412000e-01
  6.26700000e+03  4.85504000e-01
  6.26800000e+03  4.85596000e-01
  6.26900000e+03  4.85688000e-01
  6.27000000e+03  4.85780000e-01
  6.27100000e+03  4.85872000e-01
  6.27200000e+03  4.85964000e-01
  6.27300000e+03  4.86056000e-01
  6.27400000e+03  4.86148000e-01
  6.27500000e+03  4.86240000e-01
  6.27600000e+03  4.86332000e-01
  6.27700000e+03  4.86424000e-01
  6.27800000e+03  4.86516000e-01
  6.27900000e+03  4.86608000e-01
  6.28000000e+03  4.86700000e-01
  6.28100000e+03  4.86780000e-01
  6.28200000e+03  4.86860000e-01
  6.28300000e+03  4.86940000e-01
  6.28400000e+03  4.87020000e-01
  6.28500000e+03  4.87100000e-01
  6.28600000e+03  4.87180000e-01
  6.28700000e+03  4.87260000e-01
  6.28800000e+03  4.87340000e-01
  6.28900000e+03  4.87420000e-01
  6.29000000e+03  4.87500000e-01
  6.29100000e+03  4.87580000e-01
  6.29200000e+03  4.87660000e-01
  6.29300000e+03  4.87740000e-01
  6.29400000e+03  4.87820000e-01
  6.29500000e+03  4.87900000e-01
  6.29600000e+03  4.87980000e-01
  6.29700000e+03  4.88060000e-01
  6.29800000e+03  4.88140000e-01
  6.29900000e+03  4.88220000e-01
  6.30000000e+03  4.88300000e-01
  6.30100000e+03  4.88380000e-01
  6.30200000e+03  4.88460000e-01
  6.30300000e+03  4.88540000e-01
  6.30400000e+03  4.88620000e-01
  6.30500000e+03  4.88700000e-01
  6.30600000e+03  4.88760000e-01
  6.30700000e+03  4.88820000e-01
  6.30800000e+03  4.88880000e-01
  6.30900000e+03  4.88940000e-01
  6.31000000e+03  4.89000000e-01
  6.31100000e+03  4.89060000e-01
  6.31200000e+03  4.89120000e-01
  6.31300000e+03  4.89180000e-01
  6.31400000e+03  4.89240000e-01
  6.31500000e+03  4.89300000e-01
  6.31600000e+03  4.89360000e-01
  6.31700000e+03  4.89420000e-01
  6.31800000e+03  4.89480000e-01
  6.31900000e+03  4.89540000e-01
  6.32000000e+03  4.89600000e-01
  6.32100000e+03  4.89660000e-01
  6.32200000e+03  4.89720000e-01
  6.32300000e+03  4.89780000e-01
  6.32400000e+03  4.89840000e-01
  6.32500000e+03  4.89900000e-01
  6.32600000e+03  4.89960000e-01
  6.32700000e+03  4.90020000e-01
  6.32800000e+03  4.90080000e-01
  6.32900000e+03  4.90140000e-01
  6.33000000e+03  4.90200000e-01
  6.33100000e+03  4.90228000e-01
  6.33200000e+03  4.90256000e-01
  6.33300000e+03  4.90284000e-01
  6.33400000e+03  4.90312000e-01
  6.33500000e+03  4.90340000e-01
  6.33600000e+03  4.90368000e-01
  6.33700000e+03  4.90396000e-01
  6.33800000e+03  4.90424000e-01
  6.33900000e+03  4.90452000e-01
  6.34000000e+03  4.90480000e-01
  6.34100000e+03  4.90508000e-01
  6.34200000e+03  4.90536000e-01
  6.34300000e+03  4.90564000e-01
  6.34400000e+03  4.90592000e-01
  6.34500000e+03  4.90620000e-01
  6.34600000e+03  4.90648000e-01
  6.34700000e+03  4.90676000e-01
  6.34800000e+03  4.90704000e-01
  6.34900000e+03  4.90732000e-01
  6.35000000e+03  4.90760000e-01
  6.35100000e+03  4.90788000e-01
  6.35200000e+03  4.90816000e-01
  6.35300000e+03  4.90844000e-01
  6.35400000e+03  4.90872000e-01
  6.35500000e+03  4.90900000e-01
  6.35600000e+03  4.90912000e-01
  6.35700000e+03  4.90924000e-01
  6.35800000e+03  4.90936000e-01
  6.35900000e+03  4.90948000e-01
  6.36000000e+03  4.90960000e-01
  6.36100000e+03  4.90972000e-01
  6.36200000e+03  4.90984000e-01
  6.36300000e+03  4.90996000e-01
  6.36400000e+03  4.91008000e-01
  6.36500000e+03  4.91020000e-01
  6.36600000e+03  4.91032000e-01
  6.36700000e+03  4.91044000e-01
  6.36800000e+03  4.91056000e-01
  6.36900000e+03  4.91068000e-01
  6.37000000e+03  4.91080000e-01
  6.37100000e+03  4.91092000e-01
  6.37200000e+03  4.91104000e-01
  6.37300000e+03  4.91116000e-01
  6.37400000e+03  4.91128000e-01
  6.37500000e+03  4.91140000e-01
  6.37600000e+03  4.91152000e-01
  6.37700000e+03  4.91164000e-01
  6.37800000e+03  4.91176000e-01
  6.37900000e+03  4.91188000e-01
  6.38000000e+03  4.91200000e-01
  6.38100000e+03  4.91200000e-01
  6.38200000e+03  4.91200000e-01
  6.38300000e+03  4.91200000e-01
  6.38400000e+03  4.91200000e-01
  6.38500000e+03  4.91200000e-01
  6.38600000e+03  4.91200000e-01
  6.38700000e+03  4.91200000e-01
  6.38800000e+03  4.91200000e-01
  6.38900000e+03  4.91200000e-01
  6.39000000e+03  4.91200000e-01
  6.39100000e+03  4.91200000e-01
  6.39200000e+03  4.91200000e-01
  6.39300000e+03  4.91200000e-01
  6.39400000e+03  4.91200000e-01
  6.39500000e+03  4.91200000e-01
  6.39600000e+03  4.91200000e-01
  6.39700000e+03  4.91200000e-01
  6.39800000e+03  4.91200000e-01
  6.39900000e+03  4.91200000e-01
  6.40000000e+03  4.91200000e-01
  6.40100000e+03  4.91200000e-01
  6.40200000e+03  4.91200000e-01
  6.40300000e+03  4.91200000e-01
  6.40400000e+03  4.91200000e-01
  6.40500000e+03  4.91200000e-01
  6.40600000e+03  4.91200000e-01
  6.40700000e+03  4.91200000e-01
  6.40800000e+03  4.91200000e-01
  6.40900000e+03  4.91200000e-01
  6.41000000e+03  4.91200000e-01
  6.41100000e+03  4.91200000e-01
  6.41200000e+03  4.91200000e-01
  6.41300000e+03  4.91200000e-01
  6.41400000e+03  4.91200000e-01
  6.41500000e+03  4.91200000e-01
  6.41600000e+03  4.91200000e-01
  6.41700000e+03  4.91200000e-01
  6.41800000e+03  4.91200000e-01
  6.41900000e+03  4.91200000e-01
  6.42000000e+03  4.91200000e-01
  6.42100000e+03  4.91200000e-01
  6.42200000e+03  4.91200000e-01
  6.42300000e+03  4.91200000e-01
  6.42400000e+03  4.91200000e-01
  6.42500000e+03  4.91200000e-01
  6.42600000e+03  4.91200000e-01
  6.42700000e+03  4.91200000e-01
  6.42800000e+03  4.91200000e-01
  6.42900000e+03  4.91200000e-01
  6.43000000e+03  4.91200000e-01
  6.43100000e+03  4.91208000e-01
  6.43200000e+03  4.91216000e-01
  6.43300000e+03  4.91224000e-01
  6.43400000e+03  4.91232000e-01
  6.43500000e+03  4.91240000e-01
  6.43600000e+03  4.91248000e-01
  6.43700000e+03  4.91256000e-01
  6.43800000e+03  4.91264000e-01
  6.43900000e+03  4.91272000e-01
  6.44000000e+03  4.91280000e-01
  6.44100000e+03  4.91288000e-01
  6.44200000e+03  4.91296000e-01
  6.44300000e+03  4.91304000e-01
  6.44400000e+03  4.91312000e-01
  6.44500000e+03  4.91320000e-01
  6.44600000e+03  4.91328000e-01
  6.44700000e+03  4.91336000e-01
  6.44800000e+03  4.91344000e-01
  6.44900000e+03  4.91352000e-01
  6.45000000e+03  4.91360000e-01
  6.45100000e+03  4.91368000e-01
  6.45200000e+03  4.91376000e-01
  6.45300000e+03  4.91384000e-01
  6.45400000e+03  4.91392000e-01
  6.45500000e+03  4.91400000e-01
  6.45600000e+03  4.91404000e-01
  6.45700000e+03  4.91408000e-01
  6.45800000e+03  4.91412000e-01
  6.45900000e+03  4.91416000e-01
  6.46000000e+03  4.91420000e-01
  6.46100000e+03  4.91424000e-01
  6.46200000e+03  4.91428000e-01
  6.46300000e+03  4.91432000e-01
  6.46400000e+03  4.91436000e-01
  6.46500000e+03  4.91440000e-01
  6.46600000e+03  4.91444000e-01
  6.46700000e+03  4.91448000e-01
  6.46800000e+03  4.91452000e-01
  6.46900000e+03  4.91456000e-01
  6.47000000e+03  4.91460000e-01
  6.47100000e+03  4.91464000e-01
  6.47200000e+03  4.91468000e-01
  6.47300000e+03  4.91472000e-01
  6.47400000e+03  4.91476000e-01
  6.47500000e+03  4.91480000e-01
  6.47600000e+03  4.91484000e-01
  6.47700000e+03  4.91488000e-01
  6.47800000e+03  4.91492000e-01
  6.47900000e+03  4.91496000e-01
  6.48000000e+03  4.91500000e-01
  6.48100000e+03  4.91488000e-01
  6.48200000e+03  4.91476000e-01
  6.48300000e+03  4.91464000e-01
  6.48400000e+03  4.91452000e-01
  6.48500000e+03  4.91440000e-01
  6.48600000e+03  4.91428000e-01
  6.48700000e+03  4.91416000e-01
  6.48800000e+03  4.91404000e-01
  6.48900000e+03  4.91392000e-01
  6.49000000e+03  4.91380000e-01
  6.49100000e+03  4.91368000e-01
  6.49200000e+03  4.91356000e-01
  6.49300000e+03  4.91344000e-01
  6.49400000e+03  4.91332000e-01
  6.49500000e+03  4.91320000e-01
  6.49600000e+03  4.91308000e-01
  6.49700000e+03  4.91296000e-01
  6.49800000e+03  4.91284000e-01
  6.49900000e+03  4.91272000e-01
  6.50000000e+03  4.91260000e-01
  6.50100000e+03  4.91248000e-01
  6.50200000e+03  4.91236000e-01
  6.50300000e+03  4.91224000e-01
  6.50400000e+03  4.91212000e-01
  6.50500000e+03  4.91200000e-01
  6.50600000e+03  4.91156000e-01
  6.50700000e+03  4.91112000e-01
  6.50800000e+03  4.91068000e-01
  6.50900000e+03  4.91024000e-01
  6.51000000e+03  4.90980000e-01
  6.51100000e+03  4.90936000e-01
  6.51200000e+03  4.90892000e-01
  6.51300000e+03  4.90848000e-01
  6.51400000e+03  4.90804000e-01
  6.51500000e+03  4.90760000e-01
  6.51600000e+03  4.90716000e-01
  6.51700000e+03  4.90672000e-01
  6.51800000e+03  4.90628000e-01
  6.51900000e+03  4.90584000e-01
  6.52000000e+03  4.90540000e-01
  6.52100000e+03  4.90496000e-01
  6.52200000e+03  4.90452000e-01
  6.52300000e+03  4.90408000e-01
  6.52400000e+03  4.90364000e-01
  6.52500000e+03  4.90320000e-01
  6.52600000e+03  4.90276000e-01
  6.52700000e+03  4.90232000e-01
  6.52800000e+03  4.90188000e-01
  6.52900000e+03  4.90144000e-01
  6.53000000e+03  4.90100000e-01
  6.53100000e+03  4.90008000e-01
  6.53200000e+03  4.89916000e-01
  6.53300000e+03  4.89824000e-01
  6.53400000e+03  4.89732000e-01
  6.53500000e+03  4.89640000e-01
  6.53600000e+03  4.89548000e-01
  6.53700000e+03  4.89456000e-01
  6.53800000e+03  4.89364000e-01
  6.53900000e+03  4.89272000e-01
  6.54000000e+03  4.89180000e-01
  6.54100000e+03  4.89088000e-01
  6.54200000e+03  4.88996000e-01
  6.54300000e+03  4.88904000e-01
  6.54400000e+03  4.88812000e-01
  6.54500000e+03  4.88720000e-01
  6.54600000e+03  4.88628000e-01
  6.54700000e+03  4.88536000e-01
  6.54800000e+03  4.88444000e-01
  6.54900000e+03  4.88352000e-01
  6.55000000e+03  4.88260000e-01
  6.55100000e+03  4.88168000e-01
  6.55200000e+03  4.88076000e-01
  6.55300000e+03  4.87984000e-01
  6.55400000e+03  4.87892000e-01
  6.55500000e+03  4.87800000e-01
  6.55600000e+03  4.87696000e-01
  6.55700000e+03  4.87592000e-01
  6.55800000e+03  4.87488000e-01
  6.55900000e+03  4.87384000e-01
  6.56000000e+03  4.87280000e-01
  6.56100000e+03  4.87176000e-01
  6.56200000e+03  4.87072000e-01
  6.56300000e+03  4.86968000e-01
  6.56400000e+03  4.86864000e-01
  6.56500000e+03  4.86760000e-01
  6.56600000e+03  4.86656000e-01
  6.56700000e+03  4.86552000e-01
  6.56800000e+03  4.86448000e-01
  6.56900000e+03  4.86344000e-01
  6.57000000e+03  4.86240000e-01
  6.57100000e+03  4.86136000e-01
  6.57200000e+03  4.86032000e-01
  6.57300000e+03  4.85928000e-01
  6.57400000e+03  4.85824000e-01
  6.57500000e+03  4.85720000e-01
  6.57600000e+03  4.85616000e-01
  6.57700000e+03  4.85512000e-01
  6.57800000e+03  4.85408000e-01
  6.57900000e+03  4.85304000e-01
  6.58000000e+03  4.85200000e-01
  6.58100000e+03  4.85064000e-01
  6.58200000e+03  4.84928000e-01
  6.58300000e+03  4.84792000e-01
  6.58400000e+03  4.84656000e-01
  6.58500000e+03  4.84520000e-01
  6.58600000e+03  4.84384000e-01
  6.58700000e+03  4.84248000e-01
  6.58800000e+03  4.84112000e-01
  6.58900000e+03  4.83976000e-01
  6.59000000e+03  4.83840000e-01
  6.59100000e+03  4.83704000e-01
  6.59200000e+03  4.83568000e-01
  6.59300000e+03  4.83432000e-01
  6.59400000e+03  4.83296000e-01
  6.59500000e+03  4.83160000e-01
  6.59600000e+03  4.83024000e-01
  6.59700000e+03  4.82888000e-01
  6.59800000e+03  4.82752000e-01
  6.59900000e+03  4.82616000e-01
  6.60000000e+03  4.82480000e-01
  6.60100000e+03  4.82344000e-01
  6.60200000e+03  4.82208000e-01
  6.60300000e+03  4.82072000e-01
  6.60400000e+03  4.81936000e-01
  6.60500000e+03  4.81800000e-01
  6.60600000e+03  4.81316000e-01
  6.60700000e+03  4.80832000e-01
  6.60800000e+03  4.80348000e-01
  6.60900000e+03  4.79864000e-01
  6.61000000e+03  4.79380000e-01
  6.61100000e+03  4.78896000e-01
  6.61200000e+03  4.78412000e-01
  6.61300000e+03  4.77928000e-01
  6.61400000e+03  4.77444000e-01
  6.61500000e+03  4.76960000e-01
  6.61600000e+03  4.76476000e-01
  6.61700000e+03  4.75992000e-01
  6.61800000e+03  4.75508000e-01
  6.61900000e+03  4.75024000e-01
  6.62000000e+03  4.74540000e-01
  6.62100000e+03  4.74056000e-01
  6.62200000e+03  4.73572000e-01
  6.62300000e+03  4.73088000e-01
  6.62400000e+03  4.72604000e-01
  6.62500000e+03  4.72120000e-01
  6.62600000e+03  4.71636000e-01
  6.62700000e+03  4.71152000e-01
  6.62800000e+03  4.70668000e-01
  6.62900000e+03  4.70184000e-01
  6.63000000e+03  4.69700000e-01
  6.63100000e+03  4.68596000e-01
  6.63200000e+03  4.67492000e-01
  6.63300000e+03  4.66388000e-01
  6.63400000e+03  4.65284000e-01
  6.63500000e+03  4.64180000e-01
  6.63600000e+03  4.63076000e-01
  6.63700000e+03  4.61972000e-01
  6.63800000e+03  4.60868000e-01
  6.63900000e+03  4.59764000e-01
  6.64000000e+03  4.58660000e-01
  6.64100000e+03  4.57556000e-01
  6.64200000e+03  4.56452000e-01
  6.64300000e+03  4.55348000e-01
  6.64400000e+03  4.54244000e-01
  6.64500000e+03  4.53140000e-01
  6.64600000e+03  4.52036000e-01
  6.64700000e+03  4.50932000e-01
  6.64800000e+03  4.49828000e-01
  6.64900000e+03  4.48724000e-01
  6.65000000e+03  4.47620000e-01
  6.65100000e+03  4.46516000e-01
  6.65200000e+03  4.45412000e-01
  6.65300000e+03  4.44308000e-01
  6.65400000e+03  4.43204000e-01
  6.65500000e+03  4.42100000e-01
  6.65600000e+03  4.40452000e-01
  6.65700000e+03  4.38804000e-01
  6.65800000e+03  4.37156000e-01
  6.65900000e+03  4.35508000e-01
  6.66000000e+03  4.33860000e-01
  6.66100000e+03  4.32212000e-01
  6.66200000e+03  4.30564000e-01
  6.66300000e+03  4.28916000e-01
  6.66400000e+03  4.27268000e-01
  6.66500000e+03  4.25620000e-01
  6.66600000e+03  4.23972000e-01
  6.66700000e+03  4.22324000e-01
  6.66800000e+03  4.20676000e-01
  6.66900000e+03  4.19028000e-01
  6.67000000e+03  4.17380000e-01
  6.67100000e+03  4.15732000e-01
  6.67200000e+03  4.14084000e-01
  6.67300000e+03  4.12436000e-01
  6.67400000e+03  4.10788000e-01
  6.67500000e+03  4.09140000e-01
  6.67600000e+03  4.07492000e-01
  6.67700000e+03  4.05844000e-01
  6.67800000e+03  4.04196000e-01
  6.67900000e+03  4.02548000e-01
  6.68000000e+03  4.00900000e-01
  6.68100000e+03  3.98860000e-01
  6.68200000e+03  3.96820000e-01
  6.68300000e+03  3.94780000e-01
  6.68400000e+03  3.92740000e-01
  6.68500000e+03  3.90700000e-01
  6.68600000e+03  3.88660000e-01
  6.68700000e+03  3.86620000e-01
  6.68800000e+03  3.84580000e-01
  6.68900000e+03  3.82540000e-01
  6.69000000e+03  3.80500000e-01
  6.69100000e+03  3.78460000e-01
  6.69200000e+03  3.76420000e-01
  6.69300000e+03  3.74380000e-01
  6.69400000e+03  3.72340000e-01
  6.69500000e+03  3.70300000e-01
  6.69600000e+03  3.68260000e-01
  6.69700000e+03  3.66220000e-01
  6.69800000e+03  3.64180000e-01
  6.69900000e+03  3.62140000e-01
  6.70000000e+03  3.60100000e-01
  6.70100000e+03  3.58060000e-01
  6.70200000e+03  3.56020000e-01
  6.70300000e+03  3.53980000e-01
  6.70400000e+03  3.51940000e-01
  6.70500000e+03  3.49900000e-01
  6.70600000e+03  3.47600000e-01
  6.70700000e+03  3.45300000e-01
  6.70800000e+03  3.43000000e-01
  6.70900000e+03  3.40700000e-01
  6.71000000e+03  3.38400000e-01
  6.71100000e+03  3.36100000e-01
  6.71200000e+03  3.33800000e-01
  6.71300000e+03  3.31500000e-01
  6.71400000e+03  3.29200000e-01
  6.71500000e+03  3.26900000e-01
  6.71600000e+03  3.24600000e-01
  6.71700000e+03  3.22300000e-01
  6.71800000e+03  3.20000000e-01
  6.71900000e+03  3.17700000e-01
  6.72000000e+03  3.15400000e-01
  6.72100000e+03  3.13100000e-01
  6.72200000e+03  3.10800000e-01
  6.72300000e+03  3.08500000e-01
  6.72400000e+03  3.06200000e-01
  6.72500000e+03  3.03900000e-01
  6.72600000e+03  3.01600000e-01
  6.72700000e+03  2.99300000e-01
  6.72800000e+03  2.97000000e-01
  6.72900000e+03  2.94700000e-01
  6.73000000e+03  2.92400000e-01
  6.73100000e+03  2.89976000e-01
  6.73200000e+03  2.87552000e-01
  6.73300000e+03  2.85128000e-01
  6.73400000e+03  2.82704000e-01
  6.73500000e+03  2.80280000e-01
  6.73600000e+03  2.77856000e-01
  6.73700000e+03  2.75432000e-01
  6.73800000e+03  2.73008000e-01
  6.73900000e+03  2.70584000e-01
  6.74000000e+03  2.68160000e-01
  6.74100000e+03  2.65736000e-01
  6.74200000e+03  2.63312000e-01
  6.74300000e+03  2.60888000e-01
  6.74400000e+03  2.58464000e-01
  6.74500000e+03  2.56040000e-01
  6.74600000e+03  2.53616000e-01
  6.74700000e+03  2.51192000e-01
  6.74800000e+03  2.48768000e-01
  6.74900000e+03  2.46344000e-01
  6.75000000e+03  2.43920000e-01
  6.75100000e+03  2.41496000e-01
  6.75200000e+03  2.39072000e-01
  6.75300000e+03  2.36648000e-01
  6.75400000e+03  2.34224000e-01
  6.75500000e+03  2.31800000e-01
  6.75600000e+03  2.29388000e-01
  6.75700000e+03  2.26976000e-01
  6.75800000e+03  2.24564000e-01
  6.75900000e+03  2.22152000e-01
  6.76000000e+03  2.19740000e-01
  6.76100000e+03  2.17328000e-01
  6.76200000e+03  2.14916000e-01
  6.76300000e+03  2.12504000e-01
  6.76400000e+03  2.10092000e-01
  6.76500000e+03  2.07680000e-01
  6.76600000e+03  2.05268000e-01
  6.76700000e+03  2.02856000e-01
  6.76800000e+03  2.00444000e-01
  6.76900000e+03  1.98032000e-01
  6.77000000e+03  1.95620000e-01
  6.77100000e+03  1.93208000e-01
  6.77200000e+03  1.90796000e-01
  6.77300000e+03  1.88384000e-01
  6.77400000e+03  1.85972000e-01
  6.77500000e+03  1.83560000e-01
  6.77600000e+03  1.81148000e-01
  6.77700000e+03  1.78736000e-01
  6.77800000e+03  1.76324000e-01
  6.77900000e+03  1.73912000e-01
  6.78000000e+03  1.71500000e-01
  6.78100000e+03  1.69248000e-01
  6.78200000e+03  1.66996000e-01
  6.78300000e+03  1.64744000e-01
  6.78400000e+03  1.62492000e-01
  6.78500000e+03  1.60240000e-01
  6.78600000e+03  1.57988000e-01
  6.78700000e+03  1.55736000e-01
  6.78800000e+03  1.53484000e-01
  6.78900000e+03  1.51232000e-01
  6.79000000e+03  1.48980000e-01
  6.79100000e+03  1.46728000e-01
  6.79200000e+03  1.44476000e-01
  6.79300000e+03  1.42224000e-01
  6.79400000e+03  1.39972000e-01
  6.79500000e+03  1.37720000e-01
  6.79600000e+03  1.35468000e-01
  6.79700000e+03  1.33216000e-01
  6.79800000e+03  1.30964000e-01
  6.79900000e+03  1.28712000e-01
  6.80000000e+03  1.26460000e-01
  6.80100000e+03  1.24208000e-01
  6.80200000e+03  1.21956000e-01
  6.80300000e+03  1.19704000e-01
  6.80400000e+03  1.17452000e-01
  6.80500000e+03  1.15200000e-01
  6.80600000e+03  1.13340000e-01
  6.80700000e+03  1.11480000e-01
  6.80800000e+03  1.09620000e-01
  6.80900000e+03  1.07760000e-01
  6.81000000e+03  1.05900000e-01
  6.81100000e+03  1.04040000e-01
  6.81200000e+03  1.02180000e-01
  6.81300000e+03  1.00320000e-01
  6.81400000e+03  9.84600000e-02
  6.81500000e+03  9.66000000e-02
  6.81600000e+03  9.47400000e-02
  6.81700000e+03  9.28800000e-02
  6.81800000e+03  9.10200000e-02
  6.81900000e+03  8.91600000e-02
  6.82000000e+03  8.73000000e-02
  6.82100000e+03  8.54400000e-02
  6.82200000e+03  8.35800000e-02
  6.82300000e+03  8.17200000e-02
  6.82400000e+03  7.98600000e-02
  6.82500000e+03  7.80000000e-02
  6.82600000e+03  7.61400000e-02
  6.82700000e+03  7.42800000e-02
  6.82800000e+03  7.24200000e-02
  6.82900000e+03  7.05600000e-02
  6.83000000e+03  6.87000000e-02
  6.83100000e+03  6.74720000e-02
  6.83200000e+03  6.62440000e-02
  6.83300000e+03  6.50160000e-02
  6.83400000e+03  6.37880000e-02
  6.83500000e+03  6.25600000e-02
  6.83600000e+03  6.13320000e-02
  6.83700000e+03  6.01040000e-02
  6.83800000e+03  5.88760000e-02
  6.83900000e+03  5.76480000e-02
  6.84000000e+03  5.64200000e-02
  6.84100000e+03  5.51920000e-02
  6.84200000e+03  5.39640000e-02
  6.84300000e+03  5.27360000e-02
  6.84400000e+03  5.15080000e-02
  6.84500000e+03  5.02800000e-02
  6.84600000e+03  4.90520000e-02
  6.84700000e+03  4.78240000e-02
  6.84800000e+03  4.65960000e-02
  6.84900000e+03  4.53680000e-02
  6.85000000e+03  4.41400000e-02
  6.85100000e+03  4.29120000e-02
  6.85200000e+03  4.16840000e-02
  6.85300000e+03  4.04560000e-02
  6.85400000e+03  3.92280000e-02
  6.85500000e+03  3.80000000e-02
  6.85600000e+03  3.73280000e-02
  6.85700000e+03  3.66560000e-02
  6.85800000e+03  3.59840000e-02
  6.85900000e+03  3.53120000e-02
  6.86000000e+03  3.46400000e-02
  6.86100000e+03  3.39680000e-02
  6.86200000e+03  3.32960000e-02
  6.86300000e+03  3.26240000e-02
  6.86400000e+03  3.19520000e-02
  6.86500000e+03  3.12800000e-02
  6.86600000e+03  3.06080000e-02
  6.86700000e+03  2.99360000e-02
  6.86800000e+03  2.92640000e-02
  6.86900000e+03  2.85920000e-02
  6.87000000e+03  2.79200000e-02
  6.87100000e+03  2.72480000e-02
  6.87200000e+03  2.65760000e-02
  6.87300000e+03  2.59040000e-02
  6.87400000e+03  2.52320000e-02
  6.87500000e+03  2.45600000e-02
  6.87600000e+03  2.38880000e-02
  6.87700000e+03  2.32160000e-02
  6.87800000e+03  2.25440000e-02
  6.87900000e+03  2.18720000e-02
  6.88000000e+03  2.12000000e-02
  6.88100000e+03  2.08880000e-02
  6.88200000e+03  2.05760000e-02
  6.88300000e+03  2.02640000e-02
  6.88400000e+03  1.99520000e-02
  6.88500000e+03  1.96400000e-02
  6.88600000e+03  1.93280000e-02
  6.88700000e+03  1.90160000e-02
  6.88800000e+03  1.87040000e-02
  6.88900000e+03  1.83920000e-02
  6.89000000e+03  1.80800000e-02
  6.89100000e+03  1.77680000e-02
  6.89200000e+03  1.74560000e-02
  6.89300000e+03  1.71440000e-02
  6.89400000e+03  1.68320000e-02
  6.89500000e+03  1.65200000e-02
  6.89600000e+03  1.62080000e-02
  6.89700000e+03  1.58960000e-02
  6.89800000e+03  1.55840000e-02
  6.89900000e+03  1.52720000e-02
  6.90000000e+03  1.49600000e-02
  6.90100000e+03  1.46480000e-02
  6.90200000e+03  1.43360000e-02
  6.90300000e+03  1.40240000e-02
  6.90400000e+03  1.37120000e-02
  6.90500000e+03  1.34000000e-02
  6.90600000e+03  1.32600000e-02
  6.90700000e+03  1.31200000e-02
  6.90800000e+03  1.29800000e-02
  6.90900000e+03  1.28400000e-02
  6.91000000e+03  1.27000000e-02
  6.91100000e+03  1.25600000e-02
  6.91200000e+03  1.24200000e-02
  6.91300000e+03  1.22800000e-02
  6.91400000e+03  1.21400000e-02
  6.91500000e+03  1.20000000e-02
  6.91600000e+03  1.18600000e-02
  6.91700000e+03  1.17200000e-02
  6.91800000e+03  1.15800000e-02
  6.91900000e+03  1.14400000e-02
  6.92000000e+03  1.13000000e-02
  6.92100000e+03  1.11600000e-02
  6.92200000e+03  1.10200000e-02
  6.92300000e+03  1.08800000e-02
  6.92400000e+03  1.07400000e-02
  6.92500000e+03  1.06000000e-02
  6.92600000e+03  1.04600000e-02
  6.92700000e+03  1.03200000e-02
  6.92800000e+03  1.01800000e-02
  6.92900000e+03  1.00400000e-02
  6.93000000e+03  9.90000000e-03
  6.93100000e+03  9.80800000e-03
  6.93200000e+03  9.71600000e-03
  6.93300000e+03  9.62400000e-03
  6.93400000e+03  9.53200000e-03
  6.93500000e+03  9.44000000e-03
  6.93600000e+03  9.34800000e-03
  6.93700000e+03  9.25600000e-03
  6.93800000e+03  9.16400000e-03
  6.93900000e+03  9.07200000e-03
  6.94000000e+03  8.98000000e-03
  6.94100000e+03  8.88800000e-03
  6.94200000e+03  8.79600000e-03
  6.94300000e+03  8.70400000e-03
  6.94400000e+03  8.61200000e-03
  6.94500000e+03  8.52000000e-03
  6.94600000e+03  8.42800000e-03
  6.94700000e+03  8.33600000e-03
  6.94800000e+03  8.24400000e-03
  6.94900000e+03  8.15200000e-03
  6.95000000e+03  8.06000000e-03
  6.95100000e+03  7.96800000e-03
  6.95200000e+03  7.87600000e-03
  6.95300000e+03  7.78400000e-03
  6.95400000e+03  7.69200000e-03
  6.95500000e+03  7.60000000e-03
  6.95600000e+03  7.51600000e-03
  6.95700000e+03  7.43200000e-03
  6.95800000e+03  7.34800000e-03
  6.95900000e+03  7.26400000e-03
  6.96000000e+03  7.18000000e-03
  6.96100000e+03  7.09600000e-03
  6.96200000e+03  7.01200000e-03
  6.96300000e+03  6.92800000e-03
  6.96400000e+03  6.84400000e-03
  6.96500000e+03  6.76000000e-03
  6.96600000e+03  6.67600000e-03
  6.96700000e+03  6.59200000e-03
  6.96800000e+03  6.50800000e-03
  6.96900000e+03  6.42400000e-03
  6.97000000e+03  6.34000000e-03
  6.97100000e+03  6.25600000e-03
  6.97200000e+03  6.17200000e-03
  6.97300000e+03  6.08800000e-03
  6.97400000e+03  6.00400000e-03
  6.97500000e+03  5.92000000e-03
  6.97600000e+03  5.83600000e-03
  6.97700000e+03  5.75200000e-03
  6.97800000e+03  5.66800000e-03
  6.97900000e+03  5.58400000e-03
  6.98000000e+03  5.50000000e-03
  6.98100000e+03  5.43600000e-03
  6.98200000e+03  5.37200000e-03
  6.98300000e+03  5.30800000e-03
  6.98400000e+03  5.24400000e-03
  6.98500000e+03  5.18000000e-03
  6.98600000e+03  5.11600000e-03
  6.98700000e+03  5.05200000e-03
  6.98800000e+03  4.98800000e-03
  6.98900000e+03  4.92400000e-03
  6.99000000e+03  4.86000000e-03
  6.99100000e+03  4.79600000e-03
  6.99200000e+03  4.73200000e-03
  6.99300000e+03  4.66800000e-03
  6.99400000e+03  4.60400000e-03
  6.99500000e+03  4.54000000e-03
  6.99600000e+03  4.47600000e-03
  6.99700000e+03  4.41200000e-03
  6.99800000e+03  4.34800000e-03
  6.99900000e+03  4.28400000e-03
  7.00000000e+03  4.22000000e-03
  7.00100000e+03  4.15600000e-03
  7.00200000e+03  4.09200000e-03
  7.00300000e+03  4.02800000e-03
  7.00400000e+03  3.96400000e-03
  7.00500000e+03  3.90000000e-03
  7.00600000e+03  3.85200000e-03
  7.00700000e+03  3.80400000e-03
  7.00800000e+03  3.75600000e-03
  7.00900000e+03  3.70800000e-03
  7.01000000e+03  3.66000000e-03
  7.01100000e+03  3.61200000e-03
  7.01200000e+03  3.56400000e-03
  7.01300000e+03  3.51600000e-03
  7.01400000e+03  3.46800000e-03
  7.01500000e+03  3.42000000e-03
  7.01600000e+03  3.37200000e-03
  7.01700000e+03  3.32400000e-03
  7.01800000e+03  3.27600000e-03
  7.01900000e+03  3.22800000e-03
  7.02000000e+03  3.18000000e-03
  7.02100000e+03  3.13200000e-03
  7.02200000e+03  3.08400000e-03
  7.02300000e+03  3.03600000e-03
  7.02400000e+03  2.98800000e-03
  7.02500000e+03  2.94000000e-03
  7.02600000e+03  2.89200000e-03
  7.02700000e+03  2.84400000e-03
  7.02800000e+03  2.79600000e-03
  7.02900000e+03  2.74800000e-03
  7.03000000e+03  2.70000000e-03
  7.03100000e+03  2.67200000e-03
  7.03200000e+03  2.64400000e-03
  7.03300000e+03  2.61600000e-03
  7.03400000e+03  2.58800000e-03
  7.03500000e+03  2.56000000e-03
  7.03600000e+03  2.53200000e-03
  7.03700000e+03  2.50400000e-03
  7.03800000e+03  2.47600000e-03
  7.03900000e+03  2.44800000e-03
  7.04000000e+03  2.42000000e-03
  7.04100000e+03  2.39200000e-03
  7.04200000e+03  2.36400000e-03
  7.04300000e+03  2.33600000e-03
  7.04400000e+03  2.30800000e-03
  7.04500000e+03  2.28000000e-03
  7.04600000e+03  2.25200000e-03
  7.04700000e+03  2.22400000e-03
  7.04800000e+03  2.19600000e-03
  7.04900000e+03  2.16800000e-03
  7.05000000e+03  2.14000000e-03
  7.05100000e+03  2.11200000e-03
  7.05200000e+03  2.08400000e-03
  7.05300000e+03  2.05600000e-03
  7.05400000e+03  2.02800000e-03
  7.05500000e+03  2.00000000e-03
  7.05600000e+03  1.98000000e-03
  7.05700000e+03  1.96000000e-03
  7.05800000e+03  1.94000000e-03
  7.05900000e+03  1.92000000e-03
  7.06000000e+03  1.90000000e-03
  7.06100000e+03  1.88000000e-03
  7.06200000e+03  1.86000000e-03
  7.06300000e+03  1.84000000e-03
  7.06400000e+03  1.82000000e-03
  7.06500000e+03  1.80000000e-03
  7.06600000e+03  1.78000000e-03
  7.06700000e+03  1.76000000e-03
  7.06800000e+03  1.74000000e-03
  7.06900000e+03  1.72000000e-03
  7.07000000e+03  1.70000000e-03
  7.07100000e+03  1.68000000e-03
  7.07200000e+03  1.66000000e-03
  7.07300000e+03  1.64000000e-03
  7.07400000e+03  1.62000000e-03
  7.07500000e+03  1.60000000e-03
  7.07600000e+03  1.58000000e-03
  7.07700000e+03  1.56000000e-03
  7.07800000e+03  1.54000000e-03
  7.07900000e+03  1.52000000e-03
  7.08000000e+03  1.50000000e-03
  7.08100000e+03  1.48800000e-03
  7.08200000e+03  1.47600000e-03
  7.08300000e+03  1.46400000e-03
  7.08400000e+03  1.45200000e-03
  7.08500000e+03  1.44000000e-03
  7.08600000e+03  1.42800000e-03
  7.08700000e+03  1.41600000e-03
  7.08800000e+03  1.40400000e-03
  7.08900000e+03  1.39200000e-03
  7.09000000e+03  1.38000000e-03
  7.09100000e+03  1.36800000e-03
  7.09200000e+03  1.35600000e-03
  7.09300000e+03  1.34400000e-03
  7.09400000e+03  1.33200000e-03
  7.09500000e+03  1.32000000e-03
  7.09600000e+03  1.30800000e-03
  7.09700000e+03  1.29600000e-03
  7.09800000e+03  1.28400000e-03
  7.09900000e+03  1.27200000e-03
  7.10000000e+03  1.26000000e-03
  7.10100000e+03  1.24800000e-03
  7.10200000e+03  1.23600000e-03
  7.10300000e+03  1.22400000e-03
  7.10400000e+03  1.21200000e-03
  7.10500000e+03  1.20000000e-03
  7.10600000e+03  1.19200000e-03
  7.10700000e+03  1.18400000e-03
  7.10800000e+03  1.17600000e-03
  7.10900000e+03  1.16800000e-03
  7.11000000e+03  1.16000000e-03
  7.11100000e+03  1.15200000e-03
  7.11200000e+03  1.14400000e-03
  7.11300000e+03  1.13600000e-03
  7.11400000e+03  1.12800000e-03
  7.11500000e+03  1.12000000e-03
  7.11600000e+03  1.11200000e-03
  7.11700000e+03  1.10400000e-03
  7.11800000e+03  1.09600000e-03
  7.11900000e+03  1.08800000e-03
  7.12000000e+03  1.08000000e-03
  7.12100000e+03  1.07200000e-03
  7.12200000e+03  1.06400000e-03
  7.12300000e+03  1.05600000e-03
  7.12400000e+03  1.04800000e-03
  7.12500000e+03  1.04000000e-03
  7.12600000e+03  1.03200000e-03
  7.12700000e+03  1.02400000e-03
  7.12800000e+03  1.01600000e-03
  7.12900000e+03  1.00800000e-03
  7.13000000e+03  1.00000000e-03
  7.13100000e+03  9.88000000e-04
  7.13200000e+03  9.76000000e-04
  7.13300000e+03  9.64000000e-04
  7.13400000e+03  9.52000000e-04
  7.13500000e+03  9.40000000e-04
  7.13600000e+03  9.28000000e-04
  7.13700000e+03  9.16000000e-04
  7.13800000e+03  9.04000000e-04
  7.13900000e+03  8.92000000e-04
  7.14000000e+03  8.80000000e-04
  7.14100000e+03  8.68000000e-04
  7.14200000e+03  8.56000000e-04
  7.14300000e+03  8.44000000e-04
  7.14400000e+03  8.32000000e-04
  7.14500000e+03  8.20000000e-04
  7.14600000e+03  8.08000000e-04
  7.14700000e+03  7.96000000e-04
  7.14800000e+03  7.84000000e-04
  7.14900000e+03  7.72000000e-04
  7.15000000e+03  7.60000000e-04
  7.15100000e+03  7.48000000e-04
  7.15200000e+03  7.36000000e-04
  7.15300000e+03  7.24000000e-04
  7.15400000e+03  7.12000000e-04
  7.15500000e+03  7.00000000e-04
  7.15600000e+03  6.88000000e-04
  7.15700000e+03  6.76000000e-04
  7.15800000e+03  6.64000000e-04
  7.15900000e+03  6.52000000e-04
  7.16000000e+03  6.40000000e-04
  7.16100000e+03  6.28000000e-04
  7.16200000e+03  6.16000000e-04
  7.16300000e+03  6.04000000e-04
  7.16400000e+03  5.92000000e-04
  7.16500000e+03  5.80000000e-04
  7.16600000e+03  5.68000000e-04
  7.16700000e+03  5.56000000e-04
  7.16800000e+03  5.44000000e-04
  7.16900000e+03  5.32000000e-04
  7.17000000e+03  5.20000000e-04
  7.17100000e+03  5.08000000e-04
  7.17200000e+03  4.96000000e-04
  7.17300000e+03  4.84000000e-04
  7.17400000e+03  4.72000000e-04
  7.17500000e+03  4.60000000e-04
  7.17600000e+03  4.48000000e-04
  7.17700000e+03  4.36000000e-04
  7.17800000e+03  4.24000000e-04
  7.17900000e+03  4.12000000e-04
  7.18000000e+03  4.00000000e-04
  7.18100000e+03  3.92000000e-04
  7.18200000e+03  3.84000000e-04
  7.18300000e+03  3.76000000e-04
  7.18400000e+03  3.68000000e-04
  7.18500000e+03  3.60000000e-04
  7.18600000e+03  3.52000000e-04
  7.18700000e+03  3.44000000e-04
  7.18800000e+03  3.36000000e-04
  7.18900000e+03  3.28000000e-04
  7.19000000e+03  3.20000000e-04
  7.19100000e+03  3.12000000e-04
  7.19200000e+03  3.04000000e-04
  7.19300000e+03  2.96000000e-04
  7.19400000e+03  2.88000000e-04
  7.19500000e+03  2.80000000e-04
  7.19600000e+03  2.72000000e-04
  7.19700000e+03  2.64000000e-04
  7.19800000e+03  2.56000000e-04
  7.19900000e+03  2.48000000e-04
  7.20000000e+03  2.40000000e-04
  7.20100000e+03  2.32000000e-04
  7.20200000e+03  2.24000000e-04
  7.20300000e+03  2.16000000e-04
  7.20400000e+03  2.08000000e-04
  7.20600000e+03  1.92000000e-04
  7.20700000e+03  1.84000000e-04
  7.20800000e+03  1.76000000e-04
  7.20900000e+03  1.68000000e-04
  7.21000000e+03  1.60000000e-04
  7.21100000e+03  1.52000000e-04
  7.21200000e+03  1.44000000e-04
  7.21300000e+03  1.36000000e-04
  7.21400000e+03  1.28000000e-04
  7.21500000e+03  1.20000000e-04
  7.21600000e+03  1.12000000e-04
  7.21700000e+03  1.04000000e-04
  7.21800000e+03  9.60000000e-05
  7.21900000e+03  8.80000000e-05
  7.22000000e+03  8.00000000e-05
  7.22100000e+03  7.20000000e-05
  7.22200000e+03  6.40000000e-05
  7.22300000e+03  5.60000000e-05
  7.22400000e+03  4.80000000e-05
  7.22500000e+03  4.00000000e-05
  7.22600000e+03  3.20000000e-05
  7.22700000e+03  2.40000000e-05
  7.22800000e+03  1.60000000e-05
  7.22900000e+03  8.00000000e-06
  7.23000000e+03  0.00000000e+00
